polygon
1
	121.0012471	24.368024
	121.0014932	24.3682452
	121.0016124	24.3683446
	121.0016988	24.3685026
	121.0017575	24.3687193
	121.0018394	24.3692068
	121.0018476	24.369489
	121.00192	24.3699134
	121.0020537	24.3705206
	121.0022099	24.371112
	121.0023912	24.3716899
	121.0025452	24.3722407
	121.0026668	24.372796
	121.0026874	24.3730917
	121.0026612	24.3737079
	121.0026151	24.3743309
	121.0025981	24.3750668
	121.0025726	24.3759991
	121.0025532	24.3767485
	121.0024819	24.3773761
	121.0023169	24.3782564
	121.002085	24.379042
	121.0018885	24.3797575
	121.0016502	24.3803535
	121.0013714	24.3810442
	121.0010676	24.3817192
	121.0007953	24.3821774
	121.0005733	24.3825408
	121.0001474	24.3831977
	120.9996958	24.383981
	120.9992479	24.3849652
	120.9991898	24.3850758
	120.9991114	24.3852361
	120.9988946	24.3855702
	120.9987666	24.3856921
	120.9986385	24.3858162
	120.9984852	24.3859674
	120.9983872	24.3860781
	120.9982967	24.3861999
	120.9982236	24.386297
	120.9981656	24.3863828
	120.9981126	24.3864957
	120.9980163	24.3867146
	120.9978676	24.3873579
	120.9978572	24.3878433
	120.9978072	24.3882541
	120.9976795	24.3887462
	120.9976002	24.3890442
	120.9974491	24.3892767
	120.9972197	24.3896378
	120.9970609	24.3898703
	120.9968723	24.3900961
	120.9967489	24.3902541
	120.9969307	24.3903421
	120.9970626	24.3904166
	120.9972419	24.3905046
	120.9974164	24.3905543
	120.9975509	24.3906017
	120.9977228	24.3906627
	120.9978499	24.3907055
	120.9979571	24.3907371
	120.9980668	24.390762
	120.9981341	24.3907778
	120.9982864	24.390771
	120.9984339	24.3907665
	120.9987714	24.390692
	120.9988464	24.3906649
	120.9989265	24.3906423
	120.9989966	24.3906243
	120.9991067	24.3905724
	120.9992519	24.3905137
	120.9993471	24.3904708
	120.9994547	24.3904121
	120.99959	24.3903444
	120.9997328	24.3902857
	120.9999756	24.3901841
	121.0001786	24.3900554
	121.0004938	24.3899516
	121.0007712	24.3899132
	121.0016291	24.3901119
	121.0019703	24.3902541
	121.0021746	24.3903376
	121.0029924	24.3905204
	121.0033586	24.3906716
	121.0035416	24.3909606
	121.0037319	24.3913195
	121.0040253	24.3919267
	121.0040412	24.3921953
	121.003957	24.3925023
	121.003835	24.3928635
	121.003686	24.3931321
	121.0034685	24.3935745
	121.0032943	24.3938951
	121.0030244	24.3943533
	121.0026308	24.3950305
	121.0025422	24.3952337
	121.0024634	24.3954594
	121.0023964	24.3958048
	121.0023321	24.396114
	121.0023297	24.3965339
	121.0022651	24.3968725
	121.0021707	24.3972066
	121.002021	24.3976174
	121.0018395	24.3978815
	121.0017355	24.3981321
	121.0016	24.3984797
	121.0016545	24.3986603
	121.0017798	24.3990892
	121.0019139	24.39943
	121.0020699	24.3996671
	121.0022701	24.3999312
	121.002482	24.4001117
	121.0026188	24.4002946
	121.0033521	24.4015541
	121.0035822	24.4018386
	121.0039115	24.4023036
	121.0041197	24.4027054
	121.0043332	24.4029333
	121.0048025	24.4032358
	121.0051111	24.4036015
	121.005269	24.4038678
	121.0053464	24.4041816
	121.00535	24.4044163
	121.005298	24.404685
	121.0052441	24.404931
	121.0051731	24.4051477
	121.0049989	24.4055721
	121.0048488	24.4058926
	121.005031	24.4059062
	121.0054945	24.4058001
	121.0061564	24.405484
	121.0063098	24.4054163
	121.0066181	24.4051951
	121.0069122	24.4049174
	121.0071276	24.4047323
	121.0073776	24.4045517
	121.0078011	24.4044659
	121.0080655	24.4042672
	121.0084142	24.4038406
	121.008461	24.4036623
	121.0085359	24.4034252
	121.0085904	24.4032379
	121.0086291	24.4031137
	121.0086828	24.4029963
	121.0087594	24.4028361
	121.0088745	24.4025787
	121.0089139	24.4024026
	121.0089282	24.4022266
	121.0089145	24.4020979
	121.0089035	24.4019534
	121.00889	24.4018157
	121.0088783	24.4017435
	121.0090881	24.4012672
	121.0091942	24.4011611
	121.0092498	24.4010979
	121.0093983	24.4009873
	121.0095115	24.4009083
	121.0096271	24.4008405
	121.0097753	24.4007548
	121.009891	24.4006848
	121.0099865	24.4006193
	121.0101197	24.4005448
	121.0101852	24.4004816
	121.0103268	24.4003281
	121.0109252	24.3994635
	121.0110395	24.3992829
	121.0111635	24.3991294
	121.0112984	24.3991249
	121.0114624	24.3992016
	121.0116235	24.399319
	121.0117785	24.3995311
	121.0119465	24.3997185
	121.012166	24.3999781
	121.0124335	24.4001902
	121.0128253	24.4004588
	121.0131778	24.4006619
	121.0136092	24.4009644
	121.0138559	24.4012578
	121.0140479	24.4015264
	121.0143448	24.4017905
	121.0145153	24.401953
	121.0146377	24.402199
	121.0145581	24.4026528
	121.0145301	24.4027047
	121.0143525	24.4029688
	121.0142938	24.4030862
	121.014293	24.4031629
	121.0143097	24.4032419
	121.0143288	24.4033142
	121.0143824	24.4034496
	121.0144263	24.4035489
	121.0144605	24.4036099
	121.0145587	24.4037791
	121.0146496	24.4039259
	121.0147525	24.404111
	121.0148379	24.4043051
	121.0148915	24.404436
	121.0149473	24.404594
	121.0149758	24.4047339
	121.0149862	24.4049416
	121.0149522	24.4050838
	121.0149186	24.4051899
	121.0149071	24.4053412
	121.0149179	24.4055037
	121.0149205	24.4057181
	121.0148963	24.4058807
	121.014819	24.4061109
	121.0147576	24.4062509
	121.0146262	24.4064089
	121.0145348	24.4065421
	121.0144182	24.4067092
	121.0143397	24.4068153
	121.0142083	24.4069665
	121.0140786	24.4071855
	121.0139569	24.4073503
	121.0138552	24.4075286
	121.0137709	24.4076934
	121.0132455	24.4085016
	121.0130873	24.4088176
	121.0129448	24.4090682
	121.0128663	24.4091833
	121.0126717	24.4093955
	121.0124369	24.4096258
	121.0123359	24.4097432
	121.0121693	24.4099102
	121.0120202	24.410075
	121.0119292	24.4101834
	121.0118381	24.410294
	121.0117913	24.4104701
	121.0117821	24.4106303
	121.0117785	24.4107342
	121.0116878	24.4107996
	121.0116052	24.410829
	121.0115294	24.4108967
	121.0115193	24.4109148
	121.0114435	24.4110006
	121.0109384	24.411285
	121.0107483	24.4113121
	121.0105311	24.4113121
	121.0103411	24.4113189
	121.0102613	24.4113189
	121.0101565	24.4113076
	121.0100143	24.4112919
	121.0098402	24.4112129
	121.0096005	24.4109781
	121.0090972	24.4106147
	121.0086925	24.4103958
	121.0081674	24.4101633
	121.007932	24.4101904
	121.0075522	24.4103597
	121.0073992	24.4105516
	121.0073219	24.4106916
	121.0071494	24.4111701
	121.0069694	24.4116329
	121.0067895	24.4122491
	121.0065698	24.4127006
	121.0060814	24.4132469
	121.0056678	24.4136578
	121.0053442	24.4138925
	121.0050153	24.4141566
	121.0046913	24.414423
	121.0045426	24.4145088
	121.0045072	24.4145359
	121.0044691	24.414572
	121.0044537	24.4146036
	121.0044714	24.4147391
	121.0046064	24.415186
	121.004806	24.415809
	121.0048878	24.4161476
	121.0051675	24.4169038
	121.0053963	24.4174139
	121.0056879	24.4179105
	121.0059564	24.4182785
	121.0064176	24.4187908
	121.0066802	24.4192175
	121.0069815	24.4197321
	121.0071832	24.4202174
	121.0074526	24.4208517
	121.0076	24.4212941
	121.0077582	24.4218584
	121.0078918	24.4222354
	121.0084656	24.4225604
	121.0090452	24.4231654
	121.0100397	24.4240795
	121.0107899	24.4244858
	121.012207	24.425521
	121.0123282	24.425681
	121.0123652	24.4257307
	121.0124047	24.4257587
	121.0126773	24.4257172
	121.0128827	24.4257202
	121.013449	24.4258073
	121.0135818	24.4258577
	121.0136704	24.4260204
	121.013598	24.4263269
	121.0137271	24.4270105
	121.0137495	24.4272893
	121.0137823	24.427476
	121.0137667	24.4277075
	121.013242	24.4285342
	121.0131123	24.4286481
	121.0131383	24.4287525
	121.013242	24.4289376
	121.0132783	24.4291226
	121.0133237	24.429452
	121.0135322	24.4302801
	121.0137185	24.430815
	121.0150948	24.4301106
	121.016752	24.4293023
	121.017654	24.4290403
	121.0183017	24.4289816
	121.0187371	24.4289025
	121.0195254	24.4286812
	121.020409	24.4285908
	121.0212921	24.4285319
	121.0215753	24.4286199
	121.0217272	24.4285928
	121.0217272	24.4285635
	121.0220343	24.4285025
	121.022316	24.4284144
	121.0226252	24.4283083
	121.02318	24.4278026
	121.0232011	24.427701
	121.0234936	24.4275474
	121.0238521	24.4274255
	121.0242872	24.4273374
	121.0250041	24.4276646
	121.0254396	24.4278767
	121.0255802	24.4280301
	121.0258749	24.4283235
	121.0264895	24.4285921
	121.0274111	24.4287702
	121.0278292	24.4289552
	121.0280388	24.4289845
	121.028151	24.4290094
	121.028379	24.4289371
	121.0284927	24.4288174
	121.0286152	24.4285759
	121.0287428	24.4282982
	121.0288448	24.4281718
	121.0291518	24.4277248
	121.0305599	24.4272459
	121.0319046	24.4274059
	121.031996	24.4275052
	121.0321293	24.4276609
	121.0322921	24.4278618
	121.0323633	24.4279701
	121.0325296	24.4280852
	121.0326614	24.4281349
	121.0327537	24.4281484
	121.0329685	24.4281596
	121.0331856	24.4281709
	121.0335175	24.4282024
	121.0339024	24.428182
	121.0341149	24.4281616
	121.0341553	24.42813
	121.0342386	24.4280442
	121.034342	24.4279539
	121.034503	24.4278387
	121.0345987	24.4277687
	121.0347165	24.4277145
	121.0348446	24.4276581
	121.0350319	24.4276603
	121.0351765	24.4276918
	121.0352813	24.4277009
	121.0353814	24.4276805
	121.0355392	24.4276398
	121.0357623	24.4275653
	121.0360242	24.4273598
	121.0370467	24.4265515
	121.0373232	24.4263776
	121.0374911	24.4263256
	121.0377153	24.4263797
	121.0377399	24.4264316
	121.0377739	24.4265197
	121.0377955	24.4265964
	121.0378272	24.4266867
	121.0378457	24.4268266
	121.0378596	24.4269373
	121.0378405	24.427084
	121.0377937	24.4272691
	121.0378636	24.4275106
	121.0378567	24.4276889
	121.0378976	24.4278537
	121.0379121	24.4279011
	121.0378892	24.4279395
	121.0378262	24.4279982
	121.0377835	24.428014
	121.0376283	24.4280502
	121.0374932	24.4280728
	121.0373554	24.4281021
	121.0372601	24.4281451
	121.037132	24.4282151
	121.0370513	24.4282851
	121.0369732	24.4283528
	121.0368745	24.4284747
	121.0368364	24.4285357
	121.0367323	24.4286937
	121.0366536	24.4288201
	121.0366025	24.4289375
	121.036586	24.4290707
	121.0364593	24.4292604
	121.0363599	24.4294365
	121.0362965	24.4295471
	121.0362175	24.4296983
	121.0361181	24.4298812
	121.0360841	24.4300234
	121.0360478	24.4301611
	121.0360469	24.4302537
	121.0360505	24.4303891
	121.0360385	24.430572
	121.0359857	24.4308496
	121.035951	24.4310776
	121.03592	24.4311657
	121.0358895	24.4312221
	121.0358235	24.4313305
	121.0357649	24.4314343
	121.0357169	24.4314908
	121.0355406	24.432107
	121.0355172	24.4322019
	121.035471	24.4323215
	121.0353852	24.432396
	121.0353125	24.4324344
	121.0350241	24.4325473
	121.034941	24.4325948
	121.03485	24.4327031
	121.0348924	24.4329447
	121.0349869	24.4329898
	121.0351163	24.4330349
	121.0352459	24.433071
	121.0357211	24.4332627
	121.0357464	24.4334659
	121.0357203	24.4335855
	121.0356967	24.4336803
	121.0357122	24.433888
	121.0357265	24.4339444
	121.0357483	24.4340144
	121.0358048	24.4340957
	121.0358912	24.4342017
	121.0359456	24.4342582
	121.0360324	24.4343281
	121.0361812	24.4344161
	121.0363702	24.4345064
	121.0364548	24.4345379
	121.0365989	24.4346237
	121.0367153	24.434723
	121.0370188	24.4350863
	121.0371756	24.4353842
	121.0373588	24.4355558
	121.0375024	24.4356754
	121.0376339	24.4357679
	121.037808	24.4358265
	121.0380025	24.4358694
	121.0381799	24.4358693
	121.0383724	24.4358535
	121.0385352	24.4358105
	121.038683	24.4357676
	121.0388536	24.4357044
	121.0390118	24.4356118
	121.0391651	24.4355305
	121.0393411	24.4354288
	121.0395936	24.4353972
	121.0398083	24.4354107
	121.0400202	24.4354603
	121.0402947	24.4354873
	121.0406893	24.4355007
	121.0408561	24.4355503
	121.0412267	24.4357015
	121.0414833	24.4357781
	121.0419027	24.4358096
	121.0432045	24.4357799
	121.0450975	24.4358426
	121.0452197	24.4358628
	121.0453342	24.4358989
	121.0454164	24.4359237
	121.0455158	24.4359711
	121.0456502	24.4360297
	121.0457471	24.4360771
	121.0458758	24.4361945
	121.0459664	24.4363705
	121.0461807	24.4366729
	121.0466706	24.4371378
	121.0471585	24.4375439
	121.0469771	24.4376975
	121.0468638	24.4377833
	121.0467131	24.4378646
	121.0465322	24.4379617
	121.0463744	24.4380092
	121.0461114	24.4380679
	121.0451435	24.4381811
	121.0445331	24.4382671
	121.0441995	24.4383981
	121.0439484	24.4385246
	121.0435053	24.4385969
	121.0430756	24.4386083
	121.042734	24.4385407
	121.0422433	24.4383987
	121.0421587	24.4383716
	121.0420741	24.4383445
	121.0419519	24.4383175
	121.0418472	24.4382949
	121.0417622	24.4383017
	121.0416645	24.4383288
	121.0415216	24.438374
	121.0413562	24.4384373
	121.0411577	24.4385412
	121.0409341	24.4386609
	121.0404873	24.4388732
	121.0400434	24.4390403
	121.0398223	24.4391691
	121.0396186	24.4392933
	121.0392747	24.4394491
	121.0389344	24.4395079
	121.0382895	24.4395374
	121.0375951	24.4395285
	121.037327	24.4396054
	121.0371589	24.4396867
	121.0368917	24.4399057
	121.0366009	24.4402534
	121.0363746	24.4406394
	121.0363229	24.4408088
	121.0362221	24.4408855
	121.0360568	24.4409352
	121.0359514	24.4409691
	121.035751	24.4410166
	121.0354405	24.4410911
	121.0348912	24.4413102
	121.0341029	24.4416896
	121.0332406	24.4421955
	121.0326266	24.4423965
	121.0322006	24.4425162
	121.0320031	24.4425343
	121.0316756	24.4425502
	121.0314028	24.4425931
	121.0312142	24.4427106
	121.0310155	24.4428551
	121.0306652	24.4431305
	121.0301124	24.4434534
	121.0295473	24.4437357
	121.0290086	24.4438871
	121.028225	24.4440475
	121.0274401	24.4440837
	121.0267899	24.4441516
	121.0264184	24.4443255
	121.0262034	24.444567
	121.0259728	24.4448831
	121.0257923	24.4451901
	121.0256711	24.4453098
	121.0254671	24.4454633
	121.0252788	24.4455536
	121.0251032	24.4456327
	121.0249726	24.4456891
	121.0248967	24.4457817
	121.0248443	24.446021
	121.024802	24.4462422
	121.024786	24.4463392
	121.0247738	24.4465424
	121.0248055	24.4466349
	121.024896	24.4468178
	121.025199	24.4472263
	121.025604	24.4476867
	121.0260708	24.4482103
	121.0263925	24.4485331
	121.0265973	24.448831
	121.0268536	24.4493659
	121.0271309	24.4500814
	121.02733	24.4503342
	121.0276819	24.4505463
	121.0281928	24.4510722
	121.0284139	24.4514401
	121.0286947	24.4519208
	121.0291256	24.4524309
	121.0296168	24.4528507
	121.0300862	24.4531372
	121.0305483	24.4533358
	121.0311308	24.4535456
	121.0316526	24.4538367
	121.0319517	24.4541594
	121.0322303	24.4545386
	121.0324122	24.4547372
	121.0326414	24.4549696
	121.0328126	24.4553285
	121.0328467	24.4555429
	121.0328306	24.4557777
	121.0328291	24.4561298
	121.0329254	24.456412
	121.0331941	24.4567911
	121.0335577	24.4572312
	121.0338044	24.4575111
	121.0341165	24.4576645
	121.0343887	24.4578112
	121.0345257	24.4579849
	121.0345522	24.4582107
	121.0345438	24.4584229
	121.0345564	24.4589646
	121.0346928	24.4592467
	121.0349224	24.4598245
	121.0351019	24.460215
	121.0355117	24.4605716
	121.0357319	24.4608988
	121.0358835	24.4611584
	121.036075	24.461454
	121.0362607	24.4619258
	121.0363392	24.4623208
	121.0363997	24.4627587
	121.0364151	24.463244
	121.0363617	24.4640047
	121.0363559	24.464174
	121.0364283	24.4642349
	121.0370058	24.4644109
	121.0377627	24.4648034
	121.0385693	24.4652773
	121.0388543	24.4653449
	121.039032	24.4653584
	121.0394328	24.465329
	121.0401588	24.4653423
	121.0403163	24.4653874
	121.0410236	24.4656694
	121.0418232	24.4660078
	121.0425124	24.4664387
	121.0428709	24.4669081
	121.0430725	24.4671992
	121.0433863	24.4675761
	121.0436208	24.4677657
	121.0438853	24.4679371
	121.0440448	24.4681177
	121.0441239	24.4683547
	121.0440952	24.468612
	121.0440264	24.469463
	121.0439326	24.4703253
	121.043965	24.4709213
	121.0440872	24.4716278
	121.0442667	24.4723771
	121.0446347	24.4729571
	121.0449648	24.4730496
	121.0452775	24.4730856
	121.0457003	24.4731961
	121.0461074	24.4734059
	121.0468541	24.4738684
	121.0471635	24.4741369
	121.0474847	24.4745296
	121.0479167	24.4747913
	121.0485841	24.4750484
	121.0488667	24.4751499
	121.0490466	24.4752152
	121.0492263	24.4753438
	121.049333	24.475556
	121.0494034	24.4760728
	121.049482	24.4769983
	121.0495292	24.477671
	121.049669	24.4783549
	121.0498137	24.4790839
	121.0498212	24.4796483
	121.0497821	24.4799936
	121.0496373	24.4804925
	121.0495399	24.4810163
	121.0495908	24.4814226
	121.0497373	24.4822893
	121.0499752	24.4828626
	121.0502314	24.4832327
	121.0505007	24.4835102
	121.0507804	24.4836885
	121.0512753	24.4838621
	121.0517326	24.4840764
	121.05192	24.4842005
	121.0521546	24.4843855
	121.0525168	24.4845727
	121.052822	24.4846471
	121.0532975	24.4847124
	121.0535449	24.4847936
	121.0537047	24.484938
	121.0538561	24.4852291
	121.054022	24.4856783
	121.0541715	24.4858611
	121.0544009	24.4860732
	121.0546259	24.4861769
	121.0548986	24.4862265
	121.0552068	24.4861767
	121.0555601	24.4861134
	121.0561713	24.486059
	121.056792	24.4861219
	121.0572399	24.4862233
	121.0577521	24.4864534
	121.0581235	24.486688
	121.0588146	24.4867825
	121.0594207	24.486999
	121.0600045	24.4872313
	121.0605257	24.4874432
	121.0610796	24.487759
	121.0615656	24.4879349
	121.062174	24.4880385
	121.062592	24.488106
	121.0631425	24.4881532
	121.063541	24.4883517
	121.0638876	24.4886879
	121.0642947	24.4892294
	121.0646865	24.4896469
	121.0650605	24.4899785
	121.0654692	24.4902537
	121.0659508	24.4905921
	121.0664219	24.4908199
	121.0669458	24.4910838
	121.0671341	24.4912868
	121.0672935	24.4917563
	121.0672745	24.4920407
	121.0672011	24.4924741
	121.0670824	24.4928985
	121.0670835	24.4931762
	121.0671646	24.4934877
	121.0673213	24.4939255
	121.0673294	24.494079
	121.0673201	24.4942912
	121.0672868	24.4947562
	121.0671929	24.4950858
	121.0676065	24.4953023
	121.0679477	24.4955663
	121.0683717	24.4958889
	121.0687252	24.4961009
	121.0691263	24.4962926
	121.0696073	24.4964932
	121.0701238	24.4967594
	121.0704197	24.4969962
	121.0706756	24.4971474
	121.0711121	24.4974745
	121.0713758	24.4977497
	121.0716193	24.4980002
	121.0717092	24.4982529
	121.0719291	24.4984966
	121.0719851	24.4986862
	121.0719918	24.4989954
	121.0719775	24.499167
	121.0718915	24.4994266
	121.0718635	24.4995306
	121.0717656	24.4997699
	121.0717163	24.4999234
	121.071675	24.5001469
	121.0716834	24.5003275
	121.0717219	24.5005103
	121.0717527	24.500648
	121.0718513	24.5008421
	121.0719274	24.5010565
	121.072016	24.5012348
	121.0720946	24.5014288
	121.0721732	24.5016004
	121.0722019	24.5018125
	121.0721584	24.5021037
	121.0721095	24.5023317
	121.0721005	24.5025146
	121.072117	24.5027945
	121.0721613	24.5031443
	121.0721572	24.503282
	121.072108	24.5034717
	121.0720285	24.5035823
	121.0718816	24.5037201
	121.0717846	24.5038262
	121.0716177	24.5039888
	121.0714181	24.5041176
	121.0711337	24.5043096
	121.0709403	24.5046528
	121.0706671	24.5055175
	121.0704639	24.5059397
	121.0703746	24.5060526
	121.0701602	24.5062265
	121.0699154	24.5063282
	121.068451	24.5067803
	121.0681765	24.5069204
	121.068142	24.5070491
	121.0681729	24.5071913
	121.0682635	24.5073176
	121.0691818	24.508658
	121.0692376	24.508807
	121.0692831	24.5089063
	121.0693293	24.5091072
	121.0693281	24.5093487
	121.0692496	24.5096625
	121.0691733	24.5098792
	121.0688907	24.5109154
	121.0686611	24.5119877
	121.0685316	24.5125747
	121.0685552	24.5137236
	121.0685139	24.5149313
	121.068524	24.5159019
	121.068497	24.5164798
	121.068301	24.5172857
	121.0679849	24.5181053
	121.0677241	24.5189767
	121.0675285	24.5193921
	121.06721	24.519767
	121.0667776	24.5203496
	121.0667016	24.5206791
	121.0667309	24.5210222
	121.0668336	24.5214646
	121.066974	24.5224826
	121.0670513	24.5228956
	121.0673258	24.5232228
	121.0676174	24.52341
	121.0677804	24.5234845
	121.0682195	24.523701
	121.0687246	24.5240213
	121.0698531	24.5248988
	121.0704987	24.5253342
	121.0708352	24.525483
	121.0711941	24.5256611
	121.0715306	24.5258686
	121.071762	24.5260852
	121.0720537	24.5263334
	121.0723672	24.5264213
	121.0727532	24.5265204
	121.0731218	24.5266241
	121.0733255	24.5268249
	121.0736445	24.5270121
	121.0740957	24.5271157
	121.0746022	24.5272486
	121.0749531	24.5273477
	121.0752243	24.5275101
	121.0755461	24.5277425
	121.0760025	24.5279138
	121.0771779	24.528157
	121.0777626	24.5284095
	121.0779008	24.5284952
	121.0780568	24.5286463
	121.0783422	24.5286327
	121.0792829	24.5285058
	121.0798576	24.5283271
	121.0804571	24.5280695
	121.0811249	24.5279337
	121.0818184	24.5279468
	121.0825692	24.5279374
	121.0837225	24.5277652
	121.0844536	24.5277738
	121.0848172	24.5278684
	121.0851359	24.5280037
	121.0854674	24.5282495
	121.0857448	24.5286128
	121.0859472	24.5289896
	121.0861722	24.5293958
	121.0863488	24.529626
	121.0865521	24.5297274
	121.0868302	24.5297769
	121.0872532	24.5297473
	121.0881136	24.5296046
	121.0889443	24.5295161
	121.0897831	24.5295269
	121.0908224	24.5296075
	121.0911578	24.5295735
	121.0924461	24.5294124
	121.0932095	24.5293758
	121.0936274	24.5293417
	121.0938599	24.5292851
	121.0940069	24.5291473
	121.0941663	24.5289915
	121.0943534	24.5289011
	121.0947192	24.5289505
	121.0949277	24.5290452
	121.0950835	24.5291715
	121.0951743	24.5293069
	121.0952297	24.529361
	121.0952823	24.5293452
	121.095337	24.5292797
	121.0953588	24.529151
	121.0953725	24.5289298
	121.0955064	24.5286724
	121.095626	24.5285843
	121.0957108	24.5285278
	121.0959081	24.5284351
	121.0961333	24.5284056
	121.0963714	24.5284664
	121.096595	24.5286039
	121.0967007	24.5286806
	121.096799	24.528816
	121.0970444	24.5288249
	121.0973321	24.528775
	121.0977642	24.5286145
	121.0986785	24.5282617
	121.0988228	24.5280969
	121.0988418	24.527914
	121.0987811	24.5277741
	121.0986571	24.5275259
	121.0986254	24.5272483
	121.0988339	24.5269028
	121.0991531	24.5267062
	121.0993529	24.5266338
	121.0995184	24.526654
	121.0996312	24.526672
	121.0997346	24.5267961
	121.0997881	24.5269947
	121.0997904	24.5274168
	121.0998035	24.5275116
	121.0998365	24.5276064
	121.0999693	24.527595
	121.1006957	24.5272198
	121.1009327	24.5270977
	121.1009398	24.5269984
	121.1008942	24.5268969
	121.1008082	24.5267683
	121.1007072	24.5265945
	121.1005907	24.5263576
	121.100774	24.5260053
	121.1009318	24.5255651
	121.1012275	24.5247003
	121.1017721	24.5240476
	121.1018792	24.5239618
	121.1020922	24.5239616
	121.1022626	24.524027
	121.1024464	24.5241984
	121.1025529	24.5244331
	121.1026382	24.5244917
	121.1028035	24.5244961
	121.1030907	24.5243988
	121.1034252	24.5241842
	121.1036927	24.5241366
	121.1040235	24.5241928
	121.1042585	24.5241339
	121.1045907	24.5239915
	121.1046479	24.5239283
	121.1046951	24.5238537
	121.104722	24.5237657
	121.1047011	24.5236167
	121.1045549	24.5234024
	121.1043459	24.5231813
	121.1041544	24.522958
	121.1040353	24.5227256
	121.1039805	24.5223035
	121.1039906	24.521861
	121.1042329	24.5213282
	121.1046076	24.520732
	121.1049374	24.5205128
	121.1050194	24.5204902
	121.1051742	24.5204178
	121.1053862	24.5202868
	121.1054606	24.5201671
	121.1055772	24.5199887
	121.105696	24.5197312
	121.1057491	24.5193791
	121.1057797	24.5185913
	121.1057879	24.5182572
	121.1060511	24.5178845
	121.1064605	24.5176472
	121.1068926	24.5174686
	121.1072595	24.517272
	121.107677	24.5171114
	121.1079841	24.5166958
	121.1083166	24.5160387
	121.1084188	24.515831
	121.1085213	24.515709
	121.1087262	24.5155915
	121.1089821	24.5153498
	121.1094433	24.5153201
	121.109798	24.5153244
	121.1099695	24.5153987
	121.1101402	24.5154279
	121.1104933	24.5154096
	121.1107179	24.515344
	121.1111635	24.5151292
	121.1115567	24.5149213
	121.1121081	24.5147448
	121.1125932	24.5146609
	121.1129104	24.5145952
	121.1132274	24.5145002
	121.1134293	24.5144188
	121.1135928	24.5142742
	121.1138238	24.5139377
	121.1139999	24.5136215
	121.1141057	24.5134747
	121.1143367	24.5133323
	121.1145508	24.5132215
	121.114858	24.5131491
	121.115256	24.5131194
	121.1159552	24.5131257
	121.1168072	24.5131295
	121.1183451	24.5130764
	121.1190745	24.5131345
	121.1194587	24.5131613
	121.1199967	24.5131902
	121.1208162	24.5125936
	121.121584	24.5118481
	121.1219679	24.5115476
	121.1222945	24.5112606
	121.1230116	24.5105468
	121.1237658	24.5100021
	121.1243122	24.5094779
	121.1244512	24.5093514
	121.1250398	24.508773
	121.1255001	24.5082309
	121.1258591	24.5081403
	121.1264483	24.5081669
	121.1267809	24.5081666
	121.1269348	24.5081394
	121.1271402	24.5081663
	121.1275238	24.5079944
	121.1282589	24.5078042
	121.1290405	24.5070723
	121.1292909	24.506765
	121.1295976	24.5066202
	121.1299568	24.5066199
	121.1317497	24.5066184
	121.1330564	24.5066714
	121.1332361	24.5066712
	121.133543	24.5066711
	121.1344655	24.5065799
	121.1363867	24.5065782
	121.1367775	24.506632
	121.1370461	24.506686
	121.1374518	24.5068752
	121.1383159	24.507407
	121.1387	24.5076325
	121.1389932	24.5078038
	121.1405634	24.5088587
	121.1413683	24.5094268
	121.141718	24.5096974
	121.1423467	24.5099225
	121.1426371	24.5100757
	121.1431361	24.510626
	121.1438158	24.5112393
	121.144587	24.5117081
	121.144895	24.5118974
	121.1450058	24.5119515
	121.1450851	24.511509
	121.1453096	24.5109129
	121.1456175	24.5102986
	121.1459221	24.509901
	121.1466909	24.5091328
	121.1473622	24.5085813
	121.1485878	24.5076411
	121.1500863	24.5063665
	121.1503642	24.5062037
	121.1505686	24.5061223
	121.1508113	24.506113
	121.1511755	24.5061487
	121.1531357	24.506544
	121.1537764	24.5067149
	121.1543094	24.5068137
	121.1548235	24.5068403
	121.1555149	24.5066499
	121.1564027	24.5063962
	121.1568466	24.5062513
	121.1570783	24.5061246
	121.1573404	24.5058806
	121.1576567	24.5055371
	121.1579093	24.5053292
	121.1582199	24.5050941
	121.1585651	24.5050215
	121.159148	24.5047771
	121.1598293	24.5044423
	121.1605954	24.5040081
	121.1610058	24.5037729
	121.1612108	24.5036734
	121.1615915	24.5035556
	121.1623445	24.5035457
	121.1634112	24.5035807
	121.1643338	24.5035887
	121.1651428	24.5034795
	121.1659814	24.5033161
	121.1665988	24.5031438
	121.1673524	24.5028992
	121.1686192	24.5026721
	121.1691618	24.5026173
	121.1692843	24.5026352
	121.1694126	24.5026982
	121.1695305	24.5029509
	121.1696974	24.5032758
	121.1701996	24.503817
	121.1704228	24.5040334
	121.1705502	24.5041055
	121.17064	24.5041415
	121.1708207	24.5041413
	121.1710813	24.504132
	121.1712213	24.5041318
	121.1713782	24.5041226
	121.1715035	24.5041405
	121.1715883	24.5041946
	121.1717041	24.5043119
	121.1718443	24.5044291
	121.1719489	24.5045012
	121.172039	24.5045553
	121.1721822	24.5046002
	121.1723469	24.5046542
	121.1725166	24.5046992
	121.172792	24.504735
	121.1731445	24.5047707
	121.173691	24.5047881
	121.1741363	24.5047876
	121.1742911	24.5047874
	121.174457	24.5047872
	121.1746235	24.5048232
	121.1748223	24.5049222
	121.175147	24.5051295
	121.1755995	24.505436
	121.1760125	24.5057786
	121.176393	24.5061935
	121.1767082	24.5066175
	121.1768983	24.5069333
	121.1770803	24.507213
	121.1773282	24.5073933
	121.1777013	24.5075734
	121.1784142	24.5077712
	121.1790499	24.5078969
	121.1794821	24.5079957
	121.1800733	24.5080221
	121.181802	24.5080019
	121.1824632	24.5079831
	121.1828739	24.5079916
	121.1830614	24.5079553
	121.183229	24.5078828
	121.1833738	24.5077924
	121.1836121	24.5075122
	121.1839204	24.5069971
	121.1841833	24.5066898
	121.1845381	24.5064366
	121.1850361	24.5062102
	121.1856292	24.5060289
	121.1858598	24.5059745
	121.1860176	24.5059381
	121.1862	24.5058115
	121.1864929	24.5055944
	121.1866259	24.5054408
	121.1867038	24.5053955
	121.1868013	24.5054225
	121.1869408	24.5055036
	121.187094	24.5056208
	121.1873791	24.5057649
	121.1877515	24.5058728
	121.1881976	24.5059986
	121.1885729	24.506242
	121.1888682	24.5063951
	121.1890675	24.506449
	121.1894081	24.5065027
	121.1896539	24.5065656
	121.1899552	24.506782
	121.1905697	24.5071423
	121.1912726	24.5073943
	121.1915204	24.5074752
	121.19171	24.507484
	121.1920158	24.5074294
	121.1937078	24.5071925
	121.1943478	24.5070743
	121.1947191	24.5070467
	121.1951512	24.5070733
	121.1955568	24.507163
	121.1958877	24.5073432
	121.1969477	24.508019
	121.1980771	24.5089024
	121.1985642	24.5093712
	121.1989974	24.5099485
	121.1992753	24.5103635
	121.1996174	24.5107784
	121.2000355	24.5111751
	121.200393	24.5114003
	121.2006618	24.5115083
	121.2011217	24.511589
	121.2015797	24.5116245
	121.201927	24.5116601
	121.2022152	24.511723
	121.2024355	24.5118129
	121.2025905	24.5119572
	121.2027707	24.5121827
	121.2029733	24.5123811
	121.203091	24.5124802
	121.2031906	24.5125162
	121.2034037	24.5124708
	121.2037488	24.5122987
	121.20402	24.512181
	121.2041747	24.5121447
	121.2045658	24.5121712
	121.2048253	24.5122702
	121.2050153	24.5124505
	121.2051456	24.5125948
	121.2053235	24.512739
	121.2056938	24.512892
	121.2060818	24.5129366
	121.2064815	24.5129541
	121.2067677	24.5129176
	121.2069846	24.512827
	121.2071657	24.5126733
	121.2074783	24.512402
	121.2078387	24.5119862
	121.2079973	24.5118234
	121.2081285	24.5117691
	121.208453	24.5116242
	121.2089117	24.5114971
	121.2092274	24.5114515
	121.2097021	24.5115321
	121.2100645	24.5117122
	121.2110181	24.5125054
	121.211703	24.5130372
	121.2131498	24.5141909
	121.2139452	24.5147857
	121.2146404	24.5152181
	121.2151225	24.515407
	121.2156131	24.5155959
	121.2157157	24.5155325
	121.2160385	24.5154508
	121.216535	24.5150889
	121.2170464	24.5146097
	121.2175291	24.5141033
	121.2176146	24.5137872
	121.2175376	24.5127851
	121.2175047	24.5124601
	121.2174769	24.5119093
	121.2175277	24.5115301
	121.2173985	24.5109614
	121.2173823	24.5101578
	121.2173661	24.509887
	121.2174071	24.5097425
	121.2174681	24.5096611
	121.2175607	24.5095797
	121.2187469	24.5089369
	121.2190959	24.5087378
	121.2200255	24.5082398
	121.2206025	24.5080855
	121.2211135	24.5079403
	121.2216666	24.5076776
	121.2226328	24.5072248
	121.2232941	24.5067723
	121.2235207	24.5065643
	121.223556	24.506492
	121.2235648	24.5064017
	121.2235647	24.5063114
	121.2235982	24.5062392
	121.2234467	24.5060317
	121.2227237	24.5055633
	121.2222278	24.5051938
	121.2218903	24.5047699
	121.2216432	24.5038674
	121.2215773	24.5035515
	121.2214864	24.5034141
	121.2214162	24.5033079
	121.221084	24.502884
	121.2209503	24.5025953
	121.2209455	24.5021619
	121.220893	24.5014871
	121.2210868	24.5014958
	121.2215475	24.5015087
	121.2221192	24.5014874
	121.2228631	24.5014096
	121.2231666	24.5013076
	121.2237096	24.5009208
	121.2240515	24.5007216
	121.2244597	24.5006668
	121.2248573	24.5007317
	121.2253289	24.5009928
	121.2267342	24.5024241
	121.2272892	24.5029041
	121.2274886	24.5030279
	121.2278138	24.5030861
	121.2280718	24.5030767
	121.2293005	24.50312
	121.2302763	24.5031997
	121.2307835	24.5033479
	121.2319467	24.5038721
	121.2328746	24.5044192
	121.2339377	24.5049638
	121.2345367	24.5052157
	121.2348692	24.5052942
	121.2351995	24.5053004
	121.2360658	24.5053239
	121.2366032	24.5054269
	121.2370753	24.5055864
	121.2373126	24.5056899
	121.2381213	24.5060791
	121.2392965	24.507093
	121.2402961	24.5081501
	121.2414912	24.509182
	121.2422638	24.5101649
	121.2430755	24.5108701
	121.2435893	24.5111876
	121.2441738	24.5113875
	121.2449238	24.5115466
	121.2459798	24.5116103
	121.2466776	24.5117243
	121.2472178	24.5118318
	121.2475478	24.5118741
	121.2477129	24.511919
	121.2478676	24.5120158
	121.2479572	24.5120991
	121.2480367	24.5122051
	121.2481498	24.5125164
	121.2484193	24.5134415
	121.248773	24.5141835
	121.2490074	24.514691
	121.2491398	24.5147359
	121.2491408	24.5145982
	121.2493111	24.5141849
	121.249438	24.5139251
	121.2497736	24.5134934
	121.2501335	24.5131948
	121.2503101	24.5129801
	121.2504392	24.5127564
	121.2504135	24.5124246
	121.2503182	24.5120749
	121.2502567	24.5118877
	121.2502603	24.5116777
	121.2503568	24.5114857
	121.2505205	24.5113365
	121.250706	24.5112594
	121.250999	24.511277
	121.2512788	24.5113375
	121.2515367	24.5113573
	121.2517022	24.5113232
	121.2518427	24.5112507
	121.2520145	24.5109751
	121.252052	24.5105845
	121.2519067	24.5102371
	121.2517257	24.5099553
	121.2516762	24.509847
	121.2516697	24.509689
	121.2516992	24.5093549
	121.2516737	24.5090592
	121.25151	24.5087886
	121.2509494	24.5083336
	121.2505034	24.5079957
	121.250281	24.5075108
	121.2502521	24.5069398
	121.2502804	24.5064273
	121.2501974	24.5060843
	121.2500817	24.5057527
	121.2500609	24.5054909
	121.2501401	24.5051951
	121.2501943	24.504967
	121.2501279	24.5047865
	121.2499413	24.504595
	121.2496515	24.5044984
	121.2493009	24.5045103
	121.2491807	24.504533
	121.2490632	24.5044994
	121.249024	24.5043595
	121.2489341	24.503933
	121.2487642	24.5034751
	121.2484817	24.5029857
	121.2484322	24.5029181
	121.2484376	24.5028165
	121.248493	24.5027667
	121.2486991	24.502658
	121.2507022	24.502192
	121.2522675	24.5020607
	121.2529391	24.5019287
	121.25326	24.5018739
	121.2541705	24.5019627
	121.2548532	24.5020947
	121.2552106	24.502146
	121.2555135	24.5021658
	121.2558067	24.5021383
	121.2561827	24.5020518
	121.2566326	24.501726
	121.2569986	24.5012582
	121.2574138	24.5008827
	121.2579218	24.5005026
	121.2604346	24.4991643
	121.2629375	24.4978259
	121.2632577	24.497428
	121.2635054	24.4972019
	121.2641161	24.4969638
	121.264504	24.496839
	121.2647742	24.4966986
	121.2650169	24.4965762
	121.2652147	24.4965353
	121.2656401	24.4964374
	121.2660279	24.4962765
	121.2661832	24.4962243
	121.2665684	24.4959527
	121.2667737	24.4957628
	121.267214	24.4950374
	121.2676518	24.4942917
	121.2678045	24.4940206
	121.2681699	24.4934443
	121.2685829	24.4927845
	121.2688081	24.4924026
	121.2690105	24.4920591
	121.2691858	24.4916728
	121.2692933	24.4913634
	121.2694583	24.4909545
	121.2696161	24.4906021
	121.2696687	24.4904282
	121.2697035	24.4902656
	121.2701767	24.490337
	121.2706421	24.490431
	121.2710248	24.4904371
	121.2716404	24.4905172
	121.2720885	24.4905638
	121.2725488	24.4906781
	121.2729719	24.4908557
	121.2733871	24.4910897
	121.2737075	24.4912539
	121.274078	24.4914609
	121.2743058	24.4915869
	121.2744184	24.4916228
	121.2745133	24.4915684
	121.2745885	24.4914351
	121.2751739	24.490644
	121.2758846	24.4899339
	121.27634	24.4895223
	121.2768828	24.4891781
	121.2778161	24.4887521
	121.2783667	24.4885502
	121.2785168	24.4885205
	121.2786621	24.4884322
	121.2789472	24.4881044
	121.2791974	24.4879098
	121.27935	24.4877583
	121.2796178	24.4874102
	121.2797751	24.4871751
	121.2798104	24.4870599
	121.2798877	24.4869198
	121.2800229	24.4866961
	121.2800929	24.4865809
	121.2802631	24.4864271
	121.2821719	24.4847757
	121.2833353	24.4838571
	121.2845363	24.4830602
	121.2858248	24.4824167
	121.2874312	24.4815221
	121.2887321	24.4810252
	121.2890874	24.4809252
	121.2896029	24.4809604
	121.2899507	24.4810906
	121.2901486	24.4811918
	121.2904013	24.4813042
	121.2905313	24.4813852
	121.2906616	24.4814662
	121.2908817	24.4815787
	121.291027	24.4816122
	121.2912447	24.4816208
	121.2915023	24.4815639
	121.2918227	24.4814617
	121.2922403	24.4812871
	121.2927684	24.4811281
	121.2932138	24.4810527
	121.2937668	24.4808846
	121.294725	24.480499
	121.295643	24.4800322
	121.2962788	24.4797826
	121.2964711	24.479771
	121.2967208	24.4800278
	121.2968224	24.4800931
	121.2969931	24.4801537
	121.2970872	24.4801874
	121.2971467	24.4802076
	121.2972985	24.4802298
	121.2974289	24.4802431
	121.2978249	24.4802943
	121.29795	24.4803933
	121.2980202	24.4804745
	121.2980805	24.4805443
	121.2981179	24.4806165
	121.2981129	24.4807158
	121.2980755	24.4810657
	121.298098	24.4811876
	121.2981231	24.4812462
	121.2981882	24.4813725
	121.2981732	24.481438
	121.2982234	24.4815598
	121.2983158	24.4816296
	121.2985186	24.4817466
	121.2986813	24.4818433
	121.2988892	24.4819874
	121.2991417	24.4821088
	121.2992919	24.4821671
	121.2994696	24.4821961
	121.2996975	24.4821979
	121.3001276	24.4821023
	121.3018792	24.4816112
	121.3034404	24.4811747
	121.3036053	24.4811834
	121.3037781	24.4811198
	121.3040259	24.4810674
	121.3041833	24.4810084
	121.3043462	24.4809088
	121.3045313	24.4808384
	121.3047012	24.4808426
	121.3048541	24.480849
	121.3050465	24.4808487
	121.3051843	24.4808506
	121.3053668	24.4808187
	121.3054644	24.4807846
	121.3055595	24.4807099
	121.3056144	24.4806105
	121.3057419	24.4804184
	121.3058527	24.4803414
	121.3060624	24.4803545
	121.3062305	24.4803745
	121.3064154	24.4803402
	121.3064819	24.4803221
	121.3065336	24.4802791
	121.3066966	24.480211
	121.3068812	24.4800617
	121.307088	24.4798987
	121.3071983	24.4797382
	121.3074757	24.4794781
	121.3077008	24.4794934
	121.308089	24.479619
	121.3083973	24.4798938
	121.3085167	24.4800538
	121.3086677	24.4802544
	121.308709	24.4803965
	121.3086296	24.4806969
	121.3085651	24.4808076
	121.3084954	24.4809139
	121.308357	24.4810699
	121.3081001	24.4812849
	121.3079583	24.4816576
	121.3079595	24.4821587
	121.3081541	24.4827904
	121.3085268	24.4837896
	121.3088233	24.4842788
	121.309041	24.4849149
	121.3091953	24.4853344
	121.3094165	24.48565
	121.3095693	24.4858257
	121.3096518	24.4859113
	121.3097642	24.4860014
	121.3100539	24.486064
	121.3103528	24.4860995
	121.3105651	24.4860742
	121.3107665	24.4862047
	121.3110546	24.4867685
	121.3113456	24.4876008
	121.3117932	24.4882206
	121.3123191	24.4887726
	121.3125759	24.4889165
	121.3127991	24.4890154
	121.3129341	24.4891008
	121.3130317	24.4891932
	121.3131194	24.4893736
	121.3131814	24.4896218
	121.3132145	24.4899219
	121.3132349	24.4902319
	121.3132664	24.4907141
	121.3133454	24.4908516
	121.3134722	24.4910003
	121.3135871	24.4910927
	121.3137073	24.4911827
	121.3138601	24.4912682
	121.3140826	24.4913512
	121.3142774	24.4914208
	121.3179746	24.4927538
	121.3183264	24.4928908
	121.3185789	24.4928857
	121.3188494	24.4927994
	121.31907	24.4927086
	121.3194377	24.492516
	121.3198132	24.4921495
	121.3219756	24.4904813
	121.3246456	24.4886179
	121.3264965	24.4872843
	121.3273077	24.4868289
	121.3291024	24.4860868
	121.330938	24.4855591
	121.3320627	24.4853039
	121.3327837	24.4850427
	121.333285	24.4847888
	121.333702	24.4844718
	121.3340341	24.4841709
	121.3342634	24.4837753
	121.3343479	24.4835652
	121.3343878	24.4834771
	121.3344796	24.4833482
	121.3345599	24.4832691
	121.3346429	24.4831853
	121.3347453	24.4830926
	121.33491	24.4829839
	121.335063	24.4829045
	121.33528	24.4828679
	121.3372521	24.4825701
	121.338548	24.482267
	121.3394653	24.4820369
	121.3399415	24.4818688
	121.3400892	24.4817804
	121.340168	24.4817374
	121.3403872	24.481606
	121.3406053	24.4814384
	121.3408701	24.4813204
	121.3411265	24.4812702
	121.3413364	24.4812517
	121.3415032	24.481222
	121.3416899	24.4811786
	121.3418664	24.4811399
	121.3419786	24.4811193
	121.3420869	24.4810536
	121.3421222	24.4809723
	121.3419156	24.4803858
	121.3417397	24.4796391
	121.3417495	24.4787249
	121.3416983	24.4781471
	121.3414577	24.4774118
	121.341354	24.4771431
	121.3409032	24.4761986
	121.3402954	24.4751301
	121.3399617	24.4747381
	121.339553	24.4745426
	121.3390957	24.4743834
	121.3384841	24.4741838
	121.3380557	24.4739817
	121.3376035	24.4736621
	121.3370914	24.4730606
	121.3361841	24.4724848
	121.3357955	24.4721899
	121.3356269	24.4719781
	121.3355918	24.4718811
	121.3355891	24.4717818
	121.3356184	24.4715854
	121.3359552	24.4703679
	121.3360017	24.4698735
	121.3359944	24.4689796
	121.3360154	24.46865
	121.336094	24.4684196
	121.3361954	24.4682817
	121.3362546	24.4681574
	121.3362676	24.4680874
	121.3362642	24.4679633
	121.3362498	24.4678911
	121.3362211	24.4677647
	121.3361759	24.46767
	121.3360944	24.4675303
	121.3360108	24.467395
	121.3358813	24.4672441
	121.335668	24.4670436
	121.3352885	24.4668052
	121.33456	24.4665269
	121.3337684	24.4663278
	121.3334391	24.4661998
	121.3331247	24.4659545
	121.3329698	24.4657855
	121.3328489	24.4656684
	121.3324719	24.4655248
	121.3321572	24.46546
	121.3311745	24.4652252
	121.3307352	24.465093
	121.3301604	24.4645818
	121.3298771	24.46421
	121.3298259	24.4639799
	121.3297384	24.46326
	121.3296442	24.4628426
	121.3295607	24.4626283
	121.3294645	24.4624976
	121.3291521	24.4623313
	121.3287441	24.4621561
	121.3283882	24.4619515
	121.327674	24.4613797
	121.3267796	24.4607247
	121.3259121	24.459765
	121.325062	24.4587105
	121.3242886	24.4575361
	121.3235328	24.456084
	121.322917	24.4545414
	121.3224725	24.4528516
	121.3219276	24.4514307
	121.3213185	24.4502176
	121.3206575	24.4488105
	121.319761	24.4481307
	121.3193853	24.4477725
	121.3190922	24.447193
	121.3188416	24.446557
	121.3187333	24.4460065
	121.3188385	24.4454352
	121.3187526	24.4452615
	121.3181052	24.4446828
	121.3177046	24.4440177
	121.3174088	24.4430545
	121.3171183	24.4422696
	121.3169329	24.4419336
	121.3171248	24.4416524
	121.3174775	24.4415826
	121.3179906	24.4415251
	121.3182531	24.4415065
	121.3186284	24.4414515
	121.3189223	24.4414035
	121.3193471	24.4413258
	121.3195908	24.4412599
	121.3199342	24.4411711
	121.3200133	24.4411439
	121.3203804	24.4409106
	121.3210049	24.440442
	121.3210074	24.4404397
	121.3211405	24.440295
	121.3215807	24.4398607
	121.3218909	24.4395553
	121.3221697	24.4392544
	121.3223741	24.439017
	121.3226156	24.438723
	121.3228877	24.4383748
	121.3231603	24.4380582
	121.3233705	24.4377982
	121.3235433	24.4375224
	121.3237905	24.4371856
	121.3239884	24.4369391
	121.3242421	24.436609
	121.3245086	24.4363195
	121.3248867	24.4359372
	121.3252782	24.4356316
	121.3256705	24.4353689
	121.3256991	24.4353395
	121.3258249	24.4352603
	121.326186	24.4349818
	121.3266083	24.4346265
	121.3270624	24.4343186
	121.3272672	24.4341398
	121.327402	24.433828
	121.3274607	24.4334215
	121.3274814	24.4329678
	121.327533	24.4326675
	121.3275541	24.4322385
	121.3274987	24.4319046
	121.3273735	24.4316272
	121.327098	24.4313005
	121.3269379	24.4311022
	121.3268402	24.4308541
	121.3268425	24.4304388
	121.3269723	24.4296462
	121.3272119	24.4288534
	121.3275213	24.4282635
	121.3275416	24.4280965
	121.327626	24.4277532
	121.3277662	24.4273669
	121.3277991	24.4270891
	121.3277508	24.4268884
	121.327391	24.4263496
	121.3273651	24.4262301
	121.3273256	24.4257426
	121.3273	24.4250181
	121.3273198	24.4243205
	121.3272167	24.4236593
	121.3269361	24.4228744
	121.3266531	24.4222362
	121.326513	24.421828
	121.3264802	24.4211554
	121.3265648	24.4204103
	121.3267184	24.4195289
	121.3267419	24.4193941
	121.3269359	24.4182696
	121.3269479	24.4180393
	121.3268026	24.416911
	121.3262924	24.4161107
	121.3261948	24.4158717
	121.3261369	24.4156754
	121.3261368	24.4154994
	121.3261318	24.4153684
	121.3261594	24.4151788
	121.3263369	24.4149391
	121.3264896	24.4145189
	121.3265135	24.4144692
	121.3265283	24.4143541
	121.3265813	24.4140041
	121.3265932	24.413828
	121.3265899	24.4137716
	121.3265114	24.4131781
	121.3264752	24.4128847
	121.3264319	24.4127042
	121.3260733	24.412012
	121.325996	24.4118022
	121.3258873	24.4115835
	121.325817	24.4113331
	121.325802	24.4111503
	121.3257493	24.4108976
	121.325714	24.4105929
	121.3256314	24.4102116
	121.3255337	24.4099545
	121.325461	24.409747
	121.325376	24.4095305
	121.3252634	24.4093343
	121.3248602	24.4087912
	121.3246127	24.4085186
	121.3244523	24.4083271
	121.3243347	24.4081445
	121.3242282	24.4079483
	121.324214	24.4079258
	121.324199	24.4078513
	121.3241678	24.4077205
	121.3241162	24.4075129
	121.3241412	24.4073052
	121.3241405	24.4070343
	121.3241475	24.4070027
	121.3241479	24.4069169
	121.3241761	24.4065963
	121.3242544	24.4062463
	121.324345	24.4059188
	121.3243916	24.4055665
	121.3244689	24.4052075
	121.3244692	24.4052052
	121.3244938	24.4050607
	121.3245446	24.4049116
	121.3246496	24.4047693
	121.3247264	24.4045614
	121.3247405	24.4045275
	121.3247484	24.4044937
	121.3248247	24.4043129
	121.3249267	24.4040734
	121.3250281	24.4038452
	121.3250904	24.4036419
	121.3251377	24.403459
	121.3251451	24.4032242
	121.32513	24.402976
	121.3251	24.402818
	121.3250724	24.4026239
	121.3250496	24.4024005
	121.3250219	24.4021748
	121.325007	24.4020146
	121.3249945	24.401807
	121.3249967	24.401597
	121.3250193	24.4013916
	121.3251167	24.4011634
	121.3252064	24.4008314
	121.3254265	24.4003794
	121.3256213	24.4000562
	121.3258711	24.3996471
	121.3261888	24.3993259
	121.3264663	24.3990228
	121.326646	24.3988328
	121.3269305	24.3985034
	121.3269306	24.3985034
	121.3269529	24.3984778
	121.3269916	24.3981977
	121.3269767	24.3981255
	121.3269411	24.3980623
	121.326786	24.3979272
	121.3264424	24.3977474
	121.3262824	24.3976123
	121.3261291	24.397414
	121.3260014	24.3972518
	121.3259163	24.3971075
	121.3258676	24.3969902
	121.3258527	24.3969361
	121.325822	24.3968639
	121.3257921	24.3967466
	121.3258259	24.3964666
	121.3259293	24.3960601
	121.325966	24.3958252
	121.3259677	24.3956446
	121.3259929	24.3955091
	121.3260044	24.3954008
	121.3260188	24.3952834
	121.3261278	24.3950032
	121.3263466	24.3946777
	121.3266799	24.3942616
	121.3270407	24.3939087
	121.327475	24.3936369
	121.3278663	24.393302
	121.3282006	24.3929581
	121.3283538	24.3927501
	121.3285575	24.3925059
	121.3285308	24.3920906
	121.3282409	24.3913599
	121.3280364	24.3908096
	121.3275919	24.3901153
	121.3274464	24.3898447
	121.3274035	24.3896823
	121.3273807	24.389583
	121.3273676	24.3895289
	121.3273558	24.3894747
	121.3273503	24.3888788
	121.3273296	24.3885357
	121.3273409	24.3883642
	121.3273712	24.3882919
	121.327515	24.3881471
	121.3276793	24.3880655
	121.32783	24.3879658
	121.327939	24.387794
	121.327988	24.3876766
	121.3280133	24.3875952
	121.3280121	24.3874959
	121.3279999	24.3874147
	121.3279772	24.3873244
	121.327689	24.3864492
	121.3276691	24.386368
	121.3276532	24.3862958
	121.327653	24.3862236
	121.3276774	24.3861242
	121.3277596	24.3859796
	121.3278715	24.3857536
	121.3279379	24.3854916
	121.3279288	24.3854104
	121.3277601	24.3853295
	121.3275507	24.3852487
	121.3274096	24.3851316
	121.3273018	24.3850144
	121.3272266	24.3848882
	121.3271711	24.3847619
	121.3271382	24.3846717
	121.3270976	24.3845634
	121.3270094	24.3844101
	121.3268263	24.3841216
	121.3265647	24.3836255
	121.3264627	24.3830208
	121.3264623	24.3828854
	121.3264414	24.3827861
	121.3263936	24.3826146
	121.3263459	24.3825335
	121.3262531	24.3823982
	121.3255901	24.3813974
	121.3254947	24.381199
	121.3254835	24.3810546
	121.3255012	24.3809733
	121.3255206	24.3808558
	121.3259813	24.3798436
	121.3258735	24.3797264
	121.3254464	24.3796912
	121.324992	24.3796561
	121.3244465	24.3794496
	121.3237434	24.3790538
	121.3231045	24.3785857
	121.3226656	24.3781351
	121.3225182	24.3779458
	121.3224924	24.3778466
	121.3224792	24.3777744
	121.322484	24.3777112
	121.3224967	24.3776208
	121.3225309	24.3774853
	121.3226251	24.3773316
	121.3227058	24.377205
	121.3227892	24.3770875
	121.3229042	24.3769789
	121.3230684	24.3768702
	121.3231805	24.3767435
	121.3233228	24.3761383
	121.3232999	24.3759668
	121.3232224	24.3757593
	121.3231312	24.3755157
	121.322959	24.3749021
	121.322791	24.3739182
	121.3228102	24.3736925
	121.3229089	24.3733672
	121.3229674	24.3731143
	121.3230641	24.3727619
	121.3230861	24.3725542
	121.3231072	24.3722743
	121.3230834	24.371877
	121.3229822	24.3715793
	121.3228659	24.3712725
	121.3227451	24.3710109
	121.3225885	24.3703431
	121.3224922	24.3692869
	121.322393	24.3681856
	121.3222218	24.3676351
	121.3219785	24.3672926
	121.3218201	24.3669859
	121.3217486	24.3667513
	121.3216503	24.3664987
	121.3216152	24.3664241
	121.3215571	24.3663003
	121.3214653	24.3661561
	121.3213514	24.3659577
	121.3211881	24.3656962
	121.3210622	24.3654888
	121.3209803	24.3653716
	121.3207614	24.365056
	121.3205756	24.3648036
	121.3204124	24.3645692
	121.3202816	24.3643798
	121.3201234	24.3641725
	121.320001	24.3640193
	121.3198328	24.3637668
	121.3197249	24.3636045
	121.3196317	24.3634151
	121.3195812	24.3632797
	121.3195453	24.3631083
	121.319517	24.3628736
	121.3195098	24.362684
	121.319201	24.3610413
	121.3191602	24.3605087
	121.3191343	24.3603552
	121.319159	24.3600301
	121.3193378	24.3598221
	121.3193891	24.3597588
	121.3194906	24.3594606
	121.3195847	24.3591444
	121.3195842	24.3589457
	121.3195821	24.3586297
	121.3195586	24.3582054
	121.3192226	24.3571226
	121.3187745	24.3560581
	121.3181106	24.3542536
	121.3174264	24.3526298
	121.3171945	24.3521247
	121.3159904	24.351441
	121.3149902	24.3506304
	121.3142224	24.3502799
	121.3137052	24.349992
	121.3130641	24.3494155
	121.3126849	24.3486397
	121.3126254	24.3477731
	121.3121866	24.3467898
	121.3120407	24.346447
	121.3118934	24.3457701
	121.311455	24.3447236
	121.3111635	24.3443811
	121.3106978	24.3441473
	121.3101743	24.3440129
	121.3099442	24.3440403
	121.3097103	24.3443163
	121.3095371	24.3447907
	121.3095121	24.3449148
	121.3095159	24.3447059
	121.3096587	24.3443278
	121.3097045	24.3438158
	121.3092293	24.3426401
	121.3091869	24.3425914
	121.3088271	24.3421657
	121.3086917	24.342027
	121.3085301	24.3420445
	121.3085022	24.3420098
	121.3084917	24.3419089
	121.3081967	24.3420491
	121.3075182	24.3422582
	121.3073122	24.3423341
	121.3071964	24.3424859
	121.3068817	24.3428007
	121.3058887	24.3434774
	121.3052141	24.3434124
	121.305183	24.3430987
	121.3050006	24.3425415
	121.3047206	24.342299
	121.3039589	24.3419488
	121.3038276	24.341785
	121.3034775	24.3417429
	121.3030386	24.3419734
	121.3021399	24.3426134
	121.301491	24.3431795
	121.3008041	24.3435239
	121.3003733	24.3436828
	121.3002558	24.3437191
	121.3001285	24.3436923
	121.3000289	24.3436474
	121.2999669	24.3435888
	121.2999249	24.3435392
	121.2998428	24.3434626
	121.2996666	24.3433275
	121.2996023	24.3432283
	121.2995581	24.3431381
	121.2995637	24.343023
	121.2996194	24.3429078
	121.2996426	24.3428084
	121.2996485	24.3426865
	121.2996268	24.3426143
	121.2995998	24.3425331
	121.299553	24.3424384
	121.2995132	24.3424001
	121.2993571	24.342231
	121.2991984	24.3420756
	121.2990721	24.3419201
	121.2990056	24.3417893
	121.2989588	24.341681
	121.2988856	24.3414554
	121.2988247	24.3412388
	121.2988308	24.341074
	121.2988967	24.3409452
	121.2990195	24.3408886
	121.2993095	24.3408632
	121.2994399	24.3407907
	121.2995141	24.3406926
	121.2995858	24.3403665
	121.2996799	24.3397676
	121.3000449	24.339153
	121.3000155	24.3384765
	121.2994092	24.3379372
	121.2992738	24.3374946
	121.2993716	24.3371655
	121.2996801	24.3367115
	121.3001279	24.3364244
	121.3007572	24.3361102
	121.3015264	24.3360991
	121.3024799	24.3359169
	121.302781	24.335793
	121.3029908	24.3356721
	121.3033125	24.3353554
	121.3035042	24.3347952
	121.3037521	24.3342891
	121.3042172	24.3338713
	121.3044247	24.333418
	121.3042693	24.3330452
	121.3039605	24.3326779
	121.3034808	24.332366
	121.3031302	24.3320951
	121.3029633	24.3319341
	121.3025509	24.3318407
	121.3022	24.3316467
	121.3019815	24.3314756
	121.3018453	24.3312772
	121.3018144	24.3310967
	121.3019189	24.3307805
	121.3021568	24.3305673
	121.3024313	24.3300839
	121.3024297	24.3295543
	121.3022759	24.3293068
	121.3019851	24.3291912
	121.3014855	24.3291567
	121.3005104	24.3293296
	121.3002316	24.3292548
	121.2999745	24.3291531
	121.2998783	24.3291051
	121.2998598	24.3288991
	121.2999814	24.3281959
	121.2998572	24.3279554
	121.2997301	24.3277781
	121.2995237	24.327607
	121.2993376	24.3275622
	121.2990496	24.3276995
	121.2988158	24.3279399
	121.2986823	24.3284527
	121.2984434	24.3286113
	121.2979448	24.3295445
	121.2976793	24.3297488
	121.2971225	24.3298224
	121.2969174	24.3300411
	121.2966112	24.3299326
	121.2963434	24.3299431
	121.2960702	24.3298335
	121.295704	24.3301673
	121.2952515	24.3302639
	121.2950377	24.3305732
	121.2950883	24.3308029
	121.2952392	24.3310566
	121.2955965	24.3317257
	121.2956766	24.331929
	121.2956987	24.3321847
	121.2959355	24.3324044
	121.2961173	24.3328413
	121.2961352	24.3332695
	121.2960264	24.3335041
	121.2959358	24.3338686
	121.2958611	24.3341971
	121.295704	24.3344833
	121.2955221	24.3346566
	121.2952126	24.3348115
	121.2951383	24.3348782
	121.2948683	24.3349239
	121.2945311	24.3349335
	121.2941768	24.334871
	121.29386	24.3347881
	121.2937232	24.3347365
	121.29344	24.3345248
	121.2930631	24.3341396
	121.2923857	24.3335269
	121.2918515	24.3327627
	121.2913001	24.3319917
	121.2905799	24.3310857
	121.2904154	24.3306819
	121.2904196	24.3301018
	121.2904226	24.3296549
	121.2902483	24.3292489
	121.289965	24.3286919
	121.2898299	24.3280533
	121.2898329	24.3276221
	121.2898312	24.3271526
	121.2898774	24.3266266
	121.2901035	24.3260867
	121.2902861	24.325689
	121.2904283	24.325384
	121.2904401	24.3247565
	121.2905722	24.3237766
	121.2904452	24.3236308
	121.2903961	24.3234458
	121.2903466	24.3232761
	121.290294	24.323063
	121.2901722	24.3228136
	121.2900602	24.3223227
	121.2896534	24.3216299
	121.2895673	24.3212587
	121.2894057	24.3209647
	121.2890433	24.3204054
	121.2887868	24.3202455
	121.2885355	24.320158
	121.2882343	24.3200507
	121.2877217	24.3198476
	121.287551	24.3197425
	121.2874587	24.3195955
	121.28753	24.3193969
	121.2877596	24.3192713
	121.2880982	24.3191921
	121.2886325	24.3190735
	121.2888801	24.3188948
	121.289057	24.3187021
	121.2892028	24.3186138
	121.2894861	24.3185241
	121.2897933	24.318499
	121.2902219	24.3185309
	121.2905028	24.3185422
	121.290622	24.3183163
	121.2909501	24.3176708
	121.2910995	24.3174282
	121.2916214	24.3174012
	121.2918472	24.3173269
	121.2920986	24.3170965
	121.2923003	24.3168734
	121.2923399	24.3167085
	121.2922569	24.3165089
	121.2921584	24.3163851
	121.2919591	24.3162314
	121.2917739	24.3160976
	121.2914507	24.3159529
	121.2907197	24.3159101
	121.2904032	24.3159551
	121.2898533	24.3161057
	121.289571	24.3161042
	121.2892356	24.3159529
	121.2890873	24.3157903
	121.2890113	24.3155779
	121.2888964	24.3152904
	121.2887934	24.3148404
	121.2886575	24.3146578
	121.2885326	24.3143868
	121.288345	24.3142319
	121.2881601	24.3142029
	121.2880168	24.3142226
	121.2878687	24.3142594
	121.2876872	24.3145619
	121.2875469	24.3147725
	121.287207	24.3148644
	121.2870036	24.3148249
	121.2868362	24.3143711
	121.286847	24.3141161
	121.2868359	24.3135924
	121.2868644	24.3129754
	121.2868132	24.3125745
	121.2867129	24.3121664
	121.2865618	24.3118484
	121.2864177	24.3115573
	121.2861538	24.3110594
	121.286016	24.3107606
	121.2859185	24.3105961
	121.2858077	24.3103896
	121.2854718	24.3098849
	121.2852263	24.3094374
	121.2846011	24.308843
	121.2840079	24.3081283
	121.2839111	24.3078446
	121.2838468	24.3075143
	121.2836831	24.3073065
	121.2831103	24.3068484
	121.282742	24.3066353
	121.282327	24.3065554
	121.2816343	24.3067417
	121.28122	24.3066943
	121.2808384	24.3065706
	121.2805584	24.3065005
	121.2802036	24.3064385
	121.2797541	24.306499
	121.2794103	24.3066494
	121.2789968	24.3068496
	121.2784747	24.3070743
	121.278016	24.3074639
	121.2775096	24.307794
	121.2767248	24.3080633
	121.2761051	24.3081751
	121.2756439	24.3081541
	121.2753702	24.3083672
	121.275205	24.3084398
	121.2750121	24.3085101
	121.2748017	24.308594
	121.2746264	24.3086869
	121.2744985	24.3087684
	121.2742503	24.3088884
	121.2740601	24.308952
	121.2738552	24.308984
	121.2736455	24.3089753
	121.2734434	24.308926
	121.273207	24.3088113
	121.2730852	24.308737
	121.2729066	24.3085839
	121.2727725	24.3084893
	121.2725768	24.3082617
	121.2724851	24.3081512
	121.2723767	24.3079821
	121.2722998	24.3078875
	121.2721889	24.3077138
	121.2720755	24.3075177
	121.2719766	24.3073485
	121.2719076	24.307211
	121.2718587	24.3070779
	121.2718098	24.306947
	121.2717863	24.3067552
	121.2717976	24.306561
	121.2717811	24.3060803
	121.2715459	24.305803
	121.271459	24.30574
	121.2713696	24.3056815
	121.2712703	24.3056184
	121.2711557	24.3055667
	121.271024	24.3054721
	121.2708103	24.3053213
	121.2705846	24.3051411
	121.2704578	24.3050375
	121.2703689	24.3049293
	121.2702747	24.3047985
	121.2702157	24.3046835
	121.270172	24.3045459
	121.2701388	24.3042977
	121.2701525	24.3040922
	121.270174	24.3039071
	121.2701907	24.3036791
	121.2702168	24.3035007
	121.2703141	24.303198
	121.2704002	24.302997
	121.2705345	24.3027484
	121.2706226	24.3026286
	121.2707616	24.3024094
	121.2708977	24.3022444
	121.2710006	24.3021675
	121.2711357	24.3021334
	121.2716581	24.3020783
	121.2719102	24.3020733
	121.2721599	24.3020841
	121.2724828	24.3020777
	121.2728522	24.3018702
	121.2731886	24.3013437
	121.2734893	24.3011939
	121.2739425	24.3012126
	121.2741325	24.3014533
	121.274432	24.3015609
	121.2745999	24.3014704
	121.2748298	24.3006996
	121.275048	24.3004051
	121.2752987	24.3003492
	121.2754691	24.3002225
	121.275617	24.2993376
	121.2753992	24.2990503
	121.2749381	24.2989392
	121.2743366	24.2986823
	121.2735667	24.2986729
	121.2732194	24.2987915
	121.2730053	24.2986821
	121.2730941	24.2985262
	121.273183	24.2984133
	121.2733119	24.2980468
	121.2734531	24.2976239
	121.2734437	24.2972283
	121.2732308	24.2970989
	121.2731223	24.2968013
	121.2732455	24.2966475
	121.2735882	24.2965459
	121.273834	24.2964596
	121.2743645	24.2957929
	121.2744085	24.2955316
	121.2743218	24.2952867
	121.2739082	24.2949433
	121.2733344	24.2947548
	121.2729655	24.2949186
	121.2729317	24.2954633
	121.2726895	24.2957691
	121.2724367	24.2957631
	121.2720415	24.2956809
	121.2714915	24.2961625
	121.270814	24.2967333
	121.2707306	24.2974374
	121.2704083	24.2984634
	121.2700611	24.2989392
	121.2693789	24.299288
	121.2685033	24.2996279
	121.2675851	24.2995265
	121.2668932	24.2995108
	121.2659337	24.2994788
	121.2653939	24.2994753
	121.2648569	24.299292
	121.2645767	24.2989636
	121.2644287	24.2983335
	121.2646311	24.2972848
	121.265432	24.2956158
	121.2656321	24.2944013
	121.2658889	24.2935014
	121.2660219	24.2929305
	121.265806	24.2921541
	121.2652567	24.291829
	121.2648131	24.2917506
	121.2645991	24.2917611
	121.2644485	24.2919521
	121.2642817	24.2922569
	121.2637399	24.2930796
	121.2630328	24.2934194
	121.262426	24.2941718
	121.2614935	24.2944587
	121.2608486	24.2944303
	121.2599926	24.2939929
	121.2595904	24.2933791
	121.2594458	24.2927853
	121.2592662	24.2921964
	121.2592529	24.2915396
	121.2595114	24.2909993
	121.2596464	24.2903391
	121.2597022	24.2899722
	121.2597338	24.2897519
	121.2590289	24.2893614
	121.2578564	24.2882614
	121.2579145	24.287952
	121.2585292	24.287692
	121.2589844	24.2873549
	121.2593571	24.2871066
	121.2598826	24.2869992
	121.2604936	24.2870686
	121.2609033	24.2870396
	121.2609832	24.2868099
	121.2611622	24.2860658
	121.2614901	24.2851666
	121.2617048	24.2844197
	121.2617648	24.2839778
	121.2616037	24.2837001
	121.2608883	24.2833608
	121.2606208	24.2835232
	121.2604848	24.2841989
	121.2601528	24.2842943
	121.2597266	24.2842629
	121.2591344	24.2841719
	121.2586291	24.2837486
	121.2584315	24.2833882
	121.2583495	24.2829128
	121.2583686	24.2824588
	121.2585636	24.2820486
	121.2588053	24.2817254
	121.2589897	24.281243
	121.2591872	24.2805955
	121.2592278	24.280226
	121.2592025	24.2799917
	121.259147	24.2799103
	121.2587756	24.2798175
	121.258503	24.2802503
	121.2579387	24.2805364
	121.2569909	24.2809129
	121.2562551	24.2814035
	121.2555233	24.2821007
	121.2551161	24.2825425
	121.254602	24.2826091
	121.2545102	24.2824948
	121.2542379	24.2821532
	121.2542577	24.2818943
	121.2544194	24.2814752
	121.254643	24.2808334
	121.2550158	24.2793482
	121.2552331	24.2786027
	121.255582	24.2776747
	121.2561221	24.2767125
	121.256295	24.2761977
	121.2562779	24.2758247
	121.2561577	24.2756033
	121.2556427	24.2754379
	121.2539386	24.2747763
	121.2529694	24.2752199
	121.2527607	24.2756265
	121.2522285	24.2759943
	121.2518346	24.2762345
	121.2511456	24.2761413
	121.2504839	24.2757609
	121.2500223	24.275312
	121.2496691	24.2745638
	121.2493946	24.2736226
	121.2491782	24.2720823
	121.2493282	24.2710181
	121.2495191	24.2701752
	121.2494175	24.2698235
	121.2490913	24.2695894
	121.2487901	24.2692868
	121.2480999	24.2688016
	121.2478362	24.2686614
	121.2473224	24.2683384
	121.2468925	24.2682474
	121.2458553	24.2689357
	121.2447637	24.2697863
	121.2445853	24.2699641
	121.2435916	24.2709751
	121.2423536	24.2713921
	121.2408858	24.2714336
	121.2386791	24.2705146
	121.2379312	24.270181
	121.2365732	24.2695751
	121.2363568	24.2695378
	121.2357577	24.269435
	121.2350274	24.2693096
	121.2341313	24.26933
	121.2331007	24.2695138
	121.229001	24.2693504
	121.2283961	24.2690237
	121.2284613	24.2682714
	121.2283938	24.2682715
	121.2281914	24.2683688
	121.2276544	24.268785
	121.2266251	24.2694299
	121.2257309	24.2699391
	121.2249865	24.2703894
	121.2244171	24.2707266
	121.2239823	24.2710004
	121.2237698	24.2712626
	121.2236823	24.271423
	121.2235647	24.2715924
	121.2234274	24.2717529
	121.2232799	24.2718863
	121.2231748	24.2719632
	121.2230874	24.2719927
	121.2229951	24.2720064
	121.2229009	24.2719817
	121.2228658	24.2719637
	121.2227297	24.271939
	121.2224372	24.2719282
	121.2223163	24.2719238
	121.2219967	24.271913
	121.2216561	24.2719519
	121.2214395	24.2720064
	121.2213377	24.2720946
	121.2212902	24.2721917
	121.2211951	24.2723679
	121.2211424	24.2725147
	121.2208898	24.2730907
	121.2207695	24.2733121
	121.2206445	24.2734523
	121.220547	24.2735382
	121.2204547	24.2735473
	121.2203399	24.2735385
	121.2201577	24.27355
	121.2197155	24.2737877
	121.2195255	24.2739753
	121.2189335	24.2744457
	121.2187612	24.2744821
	121.2185391	24.274532
	121.2183319	24.2745188
	121.2181795	24.2745077
	121.2180447	24.2745034
	121.2178375	24.2745082
	121.2176032	24.2744792
	121.2174685	24.2743733
	121.217481	24.2742649
	121.2185612	24.271286
	121.2187111	24.2711164
	121.2187937	24.2709922
	121.2188067	24.2706874
	121.2185113	24.2696495
	121.2183893	24.2692569
	121.2183699	24.2690605
	121.2183443	24.2677377
	121.2183647	24.2674555
	121.2183924	24.2672885
	121.2183999	24.2671598
	121.2184075	24.2670898
	121.2184128	24.2669543
	121.2183978	24.2668483
	121.2182612	24.2664783
	121.2180471	24.2661987
	121.2177994	24.2658784
	121.2169033	24.2652657
	121.2163208	24.2645101
	121.2154695	24.2628966
	121.2146854	24.2625902
	121.2134308	24.2629374
	121.2120194	24.262917
	121.2110337	24.2621613
	121.2098239	24.261426
	121.2080765	24.2612218
	121.2067099	24.2615281
	121.2051641	24.2623247
	121.2032374	24.2632233
	121.2005715	24.2641016
	121.1967405	24.2645101
	121.1922823	24.2644284
	121.190154	24.2648368
	121.1880481	24.2656742
	121.1862111	24.2656946
	121.1849175	24.2655452
	121.1842197	24.2654646
	121.1808434	24.2636649
	121.1786624	24.2619539
	121.1697921	24.2549946
	121.1677908	24.2550635
	121.1651632	24.2566466
	121.1641289	24.2569497
	121.1635831	24.2569556
	121.1632271	24.2566984
	121.1627233	24.2562078
	121.1622578	24.2555955
	121.1612149	24.2538213
	121.1604961	24.2534264
	121.1598732	24.2530844
	121.1594196	24.2527736
	121.1592624	24.2524569
	121.1589502	24.252259
	121.158456	24.2519148
	121.1581889	24.2514053
	121.1580232	24.2509466
	121.157713	24.2506962
	121.1565635	24.250358
	121.1541167	24.2511737
	121.1527255	24.2514001
	121.1511925	24.2518059
	121.1498018	24.2513159
	121.1491481	24.2509466
	121.1484498	24.2510678
	121.1469771	24.251832
	121.1459582	24.2518696
	121.1449471	24.2510737
	121.1434171	24.2511455
	121.1418685	24.2508352
	121.1404266	24.2503849
	121.1397071	24.2504114
	121.1388708	24.2507688
	121.1375011	24.2517239
	121.136558	24.2518733
	121.1359113	24.2518094
	121.1354231	24.2514956
	121.1349249	24.2512839
	121.1341574	24.2515062
	121.1331508	24.2524695
	121.1318835	24.2531564
	121.1308076	24.2534141
	121.1299823	24.2532946
	121.1295847	24.2525436
	121.129369	24.2518426
	121.1289659	24.252356
	121.1287695	24.2524836
	121.12864	24.2525356
	121.1285583	24.2526485
	121.1276273	24.2539225
	121.1274374	24.2541845
	121.1273953	24.2542251
	121.1273319	24.2542681
	121.1272898	24.2542681
	121.1270929	24.2540922
	121.1269523	24.2539705
	121.1248564	24.2520468
	121.1234919	24.250847
	121.1218643	24.2502817
	121.1207936	24.2496979
	121.1194383	24.2492204
	121.1188247	24.2492818
	121.1176239	24.2501496
	121.1165764	24.2508683
	121.1154519	24.2514944
	121.1143283	24.25273
	121.1135623	24.2540444
	121.1125408	24.2552122
	121.111723	24.255899
	121.1108033	24.2566153
	121.110318	24.2572454
	121.1102159	24.2575435
	121.1100632	24.2582005
	121.1097443	24.2596838
	121.1095723	24.2601715
	121.1095308	24.2602235
	121.1094993	24.2602709
	121.1094213	24.2602957
	121.1091973	24.2601266
	121.1083005	24.2589647
	121.1074113	24.2581572
	121.1069082	24.2576181
	121.1065126	24.2571082
	121.1060101	24.256463
	121.1052348	24.2559014
	121.104457	24.2554031
	121.1035892	24.2549296
	121.1031325	24.2547607
	121.1029777	24.2547269
	121.1028054	24.2546977
	121.1025407	24.2546527
	121.1019666	24.2544635
	121.1017745	24.2543823
	121.1010211	24.2540578
	121.1007591	24.2539314
	121.1005273	24.2537939
	121.1002803	24.2536564
	121.0998541	24.2533361
	121.0976054	24.2526378
	121.0975862	24.2526406
	121.0971963	24.2526967
	121.0971709	24.2528774
	121.0981947	24.2540708
	121.0980164	24.2549965
	121.0981957	24.2554162
	121.0989445	24.2556618
	121.0991591	24.25577
	121.0991337	24.2558693
	121.0990537	24.2559055
	121.098611	24.2560322
	121.0976411	24.2561796
	121.0966364	24.2562434
	121.0960169	24.2562325
	121.0951326	24.2561721
	121.094353	24.2561862
	121.0929785	24.2563247
	121.0921487	24.2564155
	121.0912041	24.2564116
	121.09009	24.2563851
	121.0889578	24.2564784
	121.0886303	24.2565237
	121.0883778	24.2565645
	121.0880726	24.256673
	121.0879299	24.2567747
	121.0876449	24.2571699
	121.0874762	24.2573912
	121.0874011	24.2574003
	121.0873542	24.2573777
	121.0871849	24.2571814
	121.0871192	24.2571273
	121.0870251	24.2570732
	121.08686	24.2569378
	121.0867278	24.2568589
	121.0864783	24.2567845
	121.0862961	24.2567395
	121.0860563	24.2566945
	121.0857842	24.2566495
	121.0855093	24.2566203
	121.084312	24.2567632
	121.0841067	24.2569123
	121.0839215	24.2570275
	121.0836437	24.2571496
	121.083406	24.2572332
	121.0832884	24.2572784
	121.0830134	24.2573734
	121.0825581	24.2575136
	121.0822405	24.2575838
	121.081953	24.2576426
	121.0813679	24.257749
	121.0802978	24.2579573
	121.0794928	24.2581089
	121.078688	24.2581816
	121.0780488	24.2585408
	121.0769902	24.2592705
	121.0762659	24.2598894
	121.0754737	24.2606505
	121.0746734	24.2615922
	121.0743923	24.2619468
	121.0742314	24.2622539
	121.0740847	24.2627167
	121.0740666	24.262895
	121.0740562	24.2630056
	121.0740278	24.2632901
	121.0740386	24.2637257
	121.0740191	24.2643014
	121.0739552	24.2647326
	121.0737326	24.2654799
	121.0735749	24.2662926
	121.0735846	24.2670894
	121.0736211	24.2694754
	121.0736203	24.2697237
	121.0736294	24.2699788
	121.0737234	24.2702496
	121.073825	24.2704821
	121.0739491	24.270692
	121.0740811	24.2708499
	121.0741532	24.2709311
	121.0742254	24.2710146
	121.0743149	24.2711252
	121.0743308	24.2711545
	121.0743472	24.271184
	121.0743943	24.2713262
	121.0744113	24.2714458
	121.0743907	24.2715948
	121.0743154	24.2716941
	121.0737947	24.2719675
	121.0737023	24.2719902
	121.0735671	24.2720241
	121.0733797	24.272049
	121.0727694	24.2721802
	121.0726494	24.2722322
	121.0724815	24.2723474
	121.0719954	24.2727156
	121.0716699	24.2729054
	121.071292	24.2730726
	121.0685181	24.2738256
	121.0681528	24.2739499
	121.0679652	24.27402
	121.06779	24.2741171
	121.0676623	24.2741894
	121.0675495	24.2742572
	121.0674794	24.2743204
	121.0672296	24.2749571
	121.0670007	24.2754154
	121.0666887	24.2760092
	121.0665246	24.2764721
	121.0663701	24.2777272
	121.0663171	24.2778785
	121.0662091	24.2780411
	121.0661109	24.2782488
	121.0659777	24.2784588
	121.065814	24.2788245
	121.0657178	24.2791361
	121.0656864	24.2795153
	121.0656988	24.2795921
	121.0657333	24.2796914
	121.0658228	24.2798313
	121.0658998	24.2799712
	121.0660439	24.2802037
	121.066155	24.280549
	121.0661659	24.2810366
	121.0660442	24.2814859
	121.0658653	24.2819261
	121.0656872	24.2821158
	121.0651892	24.2823056
	121.0649387	24.282457
	121.0645129	24.28271
	121.0641701	24.2828591
	121.0637688	24.2831505
	121.0634871	24.283742
	121.063414	24.2839317
	121.0631547	24.2844623
	121.0628777	24.285029
	121.0627555	24.2856724
	121.0625908	24.2862864
	121.0624825	24.2864919
	121.0619697	24.2873341
	121.0619692	24.2874605
	121.0619862	24.2876208
	121.0620203	24.28786
	121.0621044	24.2881196
	121.0622674	24.2886207
	121.0622539	24.2889277
	121.0622233	24.2890722
	121.0621628	24.2892166
	121.0620168	24.2895079
	121.0617676	24.2900272
	121.0613374	24.2907926
	121.0610706	24.2913187
	121.0608409	24.2919147
	121.0607175	24.2922195
	121.0606079	24.292811
	121.0604183	24.2933618
	121.0603221	24.2937163
	121.0600874	24.2943642
	121.0598487	24.2946916
	121.0594675	24.2950462
	121.0589962	24.2954324
	121.0586832	24.2956176
	121.0584353	24.2957238
	121.0581327	24.2957984
	121.0578409	24.2961868
	121.0575596	24.2965729
	121.0572016	24.2970245
	121.056844	24.2975619
	121.0564349	24.2980406
	121.0558723	24.2982191
	121.0550283	24.2984881
	121.054389	24.2985176
	121.0532636	24.2984594
	121.0522404	24.2982498
	121.0518567	24.2980422
	121.051217	24.2976226
	121.0504753	24.2971443
	121.0497589	24.2965192
	121.0491191	24.2958016
	121.0485306	24.2949959
	121.0483004	24.2948741
	121.0481981	24.2948742
	121.0476099	24.2953822
	121.0471497	24.2957729
	121.046894	24.2958023
	121.0465109	24.2957979
	121.0460505	24.2956198
	121.0459226	24.2954685
	121.04559	24.29541
	121.0451807	24.2952295
	121.0449505	24.2951415
	121.0443367	24.2951711
	121.0437485	24.2952909
	121.0432626	24.2954422
	121.0416514	24.2957113
	121.0397076	24.2958902
	121.0378407	24.296069
	121.0362294	24.2966969
	121.0352322	24.2969681
	121.0343881	24.2972369
	121.0338257	24.2975937
	121.0335188	24.297833
	121.0333351	24.2980949
	121.0329628	24.2984991
	121.0327788	24.2987745
	121.0326496	24.2991086
	121.0325421	24.2995488
	121.0323792	24.3000545
	121.0321132	24.3006843
	121.0316075	24.3017138
	121.0311316	24.3023234
	121.0305482	24.3029533
	121.0299875	24.3035335
	121.0296153	24.3039557
	121.0292901	24.3044321
	121.0288527	24.3048566
	121.0281976	24.3053443
	121.0274853	24.3057869
	121.0268432	24.3061617
	121.0260059	24.3065998
	121.0253192	24.306934
	121.0240595	24.3073495
	121.0221851	24.308185
	121.0208171	24.3087563
	121.0199429	24.3090905
	121.0193225	24.309594
	121.018558	24.3104
	121.0176976	24.3113843
	121.0175287	24.3116213
	121.0174125	24.3118222
	121.0172982	24.3121338
	121.0172337	24.3124769
	121.0171868	24.3128132
	121.0170151	24.3135514
	121.016769	24.3141812
	121.0162903	24.3152445
	121.0159495	24.3162716
	121.0156797	24.3170911
	121.0153635	24.3177209
	121.0150937	24.3181385
	121.014882	24.3184275
	121.0147634	24.3186374
	121.0146792	24.3189174
	121.0144299	24.3196668
	121.0143458	24.3199377
	121.0142902	24.3200212
	121.0142248	24.320107
	121.0140941	24.3202312
	121.0136942	24.3206466
	121.0131588	24.3211545
	121.0126435	24.3216579
	121.0122357	24.3221365
	121.0120162	24.3224706
	121.0118869	24.3227912
	121.0116965	24.3233014
	121.0116103	24.3235023
	121.0115118	24.3236851
	121.0112026	24.323947
	121.0107435	24.3242405
	121.0102135	24.3246875
	121.0097855	24.3251999
	121.009315	24.3257056
	121.0088631	24.3260329
	121.0081075	24.326577
	121.0071608	24.3279563
	121.0064937	24.3289586
	121.0059054	24.3298886
	121.0053561	24.3306267
	121.0054648	24.3306968
	121.0061023	24.3311031
	121.0068763	24.3318841
	121.0075705	24.3328073
	121.0080055	24.3334325
	121.0086851	24.334218
	121.0090316	24.3348207
	121.0091953	24.3350329
	121.0094287	24.3352857
	121.0097846	24.3355837
	121.010112	24.3360215
	121.0104234	24.3366242
	121.0107241	24.337394
	121.0108809	24.3379267
	121.0108823	24.3381095
	121.0108442	24.338193
	121.0104846	24.3389944
	121.0103653	24.3392924
	121.010303	24.339701
	121.0102281	24.3400915
	121.0101091	24.3403443
	121.0095365	24.3407913
	121.0083831	24.3417169
	121.0078346	24.3423377
	121.0069338	24.3432858
	121.0062089	24.3441301
	121.0055977	24.3449112
	121.0052738	24.3459473
	121.0051003	24.3470082
	121.0050557	24.3480963
	121.0050907	24.349866
	121.0049909	24.3502656
	121.0049207	24.3504935
	121.0048307	24.3507847
	121.0044854	24.3513197
	121.0040051	24.3519066
	121.0036126	24.352428
	121.0029506	24.3529359
	121.0017164	24.3539111
	121.0016306	24.3539943
	121.0016186	24.3540059
	121.0014854	24.3541685
	121.0012402	24.3544551
	121.0011502	24.3545996
	121.0011258	24.3547712
	121.0011174	24.3555432
	121.0010767	24.355708
	121.0009538	24.3559269
	121.0009132	24.3560217
	121.0008368	24.3561436
	121.0007913	24.356243
	121.0006749	24.3565071
	121.0005551	24.3569247
	121.0004216	24.3576493
	121.0003135	24.3585793
	121.0002058	24.3593987
	121.0001068	24.3600488
	120.9999428	24.3607599
	120.9998487	24.3614732
	120.9996311	24.3619517
	120.9993166	24.3627802
	120.9989511	24.3633422
	120.9984958	24.3639066
	120.9980557	24.3644551
	120.9979428	24.3645431
	120.9979257	24.3646425
	120.9980857	24.3648682
	120.9984501	24.3652993
	120.9987053	24.3656176
	120.9988143	24.3657576
	120.9988712	24.3658343
	120.998953	24.3659066
	120.9990256	24.3659923
	120.9991227	24.3661052
	120.9992844	24.3662564
	120.9995998	24.3665115
	120.9998868	24.3667621
	121.0003719	24.367042
	121.0005138	24.3671255
	121.0008392	24.3673783
	121.0009258	24.3675138
	121.0009553	24.3675837
	121.001027	24.3677192
	121.0011505	24.3679381
	121.0012471	24.368024
END
END
