polygon
1
	121.2409746	24.1558385
	121.2406813	24.1559243
	121.2405803	24.1560832
	121.2405514	24.1562069
	121.2403243	24.1566065
	121.2402791	24.1571416
	121.240214	24.1573133
	121.2392629	24.1581974
	121.2389024	24.1588187
	121.238408	24.1591919
	121.2381672	24.1597138
	121.2381224	24.1599012
	121.2384435	24.1610134
	121.2385636	24.1615348
	121.2385418	24.1617064
	121.2385947	24.1620381
	121.2384869	24.1622686
	121.2382602	24.1624427
	121.2381403	24.16261
	121.2376723	24.1626671
	121.2374234	24.1627804
	121.2370065	24.1631535
	121.236587	24.163419
	121.2364364	24.1635404
	121.2359767	24.1643691
	121.235817	24.1645193
	121.2355617	24.1646727
	121.2351135	24.1653009
	121.234751	24.1656852
	121.2345038	24.1658684
	121.234088	24.1660569
	121.2339741	24.1661378
	121.2337388	24.1666213
	121.2353564	24.1676188
	121.236293	24.1684684
	121.2365629	24.1686124
	121.2367378	24.1688627
	121.2370813	24.1692279
	121.2372391	24.1693608
	121.237959	24.1696418
	121.2390663	24.1698636
	121.2393858	24.1700256
	121.2396606	24.1702351
	121.2400575	24.1706747
	121.240262	24.1713357
	121.2405356	24.1719109
	121.2407261	24.1721916
	121.241097	24.1725963
	121.2418624	24.1732136
	121.2420853	24.1735157
	121.2423234	24.1738675
	121.2427958	24.174817
	121.2430952	24.1751598
	121.2435386	24.1756082
	121.2438834	24.1763626
	121.2443402	24.1774308
	121.2444937	24.1776292
	121.2448153	24.1778635
	121.2452139	24.1778515
	121.2456808	24.1777153
	121.2457992	24.1777134
	121.2461934	24.1777913
	121.2462863	24.1776647
	121.2465465	24.1775221
	121.2467817	24.177314
	121.2468699	24.1769868
	121.2470243	24.1765935
	121.2473269	24.176101
	121.2477976	24.1756984
	121.2482931	24.1753793
	121.2489321	24.1751367
	121.248996	24.1751411
	121.2492981	24.1754521
	121.2498222	24.175342
	121.2501836	24.1752995
	121.2514363	24.1757917
	121.2522397	24.1759439
	121.252319	24.1760702
	121.2523794	24.1763139
	121.2526265	24.1764918
	121.2527215	24.1767896
	121.2531691	24.1776128
	121.253467	24.1779116
	121.2541138	24.1784984
	121.2542918	24.1785816
	121.2546905	24.1786441
	121.2550616	24.1788183
	121.2553424	24.1790087
	121.2559544	24.1792808
	121.2560593	24.1794197
	121.2562029	24.1797274
	121.2565652	24.1797218
	121.2567291	24.1797932
	121.256925	24.1800552
	121.2571809	24.1803284
	121.2573242	24.180432
	121.2574672	24.1804566
	121.2575469	24.1804402
	121.257796	24.1802619
	121.2581632	24.1799475
	121.2586237	24.1796826
	121.2594757	24.1796541
	121.2603383	24.1794337
	121.2619003	24.1792098
	121.262083	24.179074
	121.262267	24.1786448
	121.2624251	24.1785114
	121.2627954	24.1783369
	121.262989	24.1783057
	121.2633668	24.178293
	121.2635191	24.1783312
	121.2638296	24.1785198
	121.2640743	24.1786349
	121.2642624	24.1786588
	121.2644978	24.1786455
	121.2655081	24.1784248
	121.2668393	24.1780184
	121.2670621	24.1779822
	121.268243	24.1779482
	121.2688301	24.1776718
	121.2690373	24.1776172
	121.2695937	24.1776117
	121.2709813	24.1778328
	121.2714986	24.1777867
	121.2722569	24.1774197
	121.2730425	24.1771677
	121.2734512	24.1771534
	121.2740169	24.1773036
	121.2745623	24.1776322
	121.2747663	24.1776747
	121.275527	24.1777208
	121.2757663	24.1777727
	121.2760287	24.1778779
	121.2762298	24.1779949
	121.2767549	24.1784544
	121.2770534	24.1784993
	121.2776658	24.178525
	121.2780938	24.1786213
	121.2785213	24.1788733
	121.27934	24.1797161
	121.2794573	24.1798965
	121.2795789	24.1802439
	121.2799913	24.1806043
	121.2802212	24.1809921
	121.2807617	24.1812891
	121.2813678	24.1812022
	121.2815105	24.181229
	121.2816232	24.181283
	121.2817795	24.1815761
	121.2822983	24.1818145
	121.2825834	24.1824956
	121.2827308	24.1826466
	121.2829617	24.1827613
	121.2832889	24.1830203
	121.2835331	24.183293
	121.2836429	24.1835659
	121.2836574	24.1838616
	121.2838541	24.1843217
	121.2841787	24.1847906
	121.2842226	24.1851743
	121.2841699	24.1856819
	121.284168	24.1859419
	121.2845714	24.186291
	121.2848269	24.1867759
	121.2849489	24.1881165
	121.2849512	24.1882674
	121.2848946	24.1884416
	121.2846596	24.188862
	121.2845981	24.1890761
	121.2843176	24.1895849
	121.2842088	24.1901856
	121.2840756	24.1906012
	121.2838526	24.1908995
	121.2833634	24.1913427
	121.2831515	24.1915735
	121.2830418	24.1919033
	121.2830404	24.1922284
	121.2829197	24.1928742
	121.2829084	24.1932015
	121.283064	24.1937046
	121.2831213	24.194174
	121.2832699	24.1945981
	121.2833817	24.1954317
	121.2835491	24.1963719
	121.2836778	24.1968373
	121.2838623	24.1973111
	121.2839021	24.1975518
	121.2837195	24.1977598
	121.2837097	24.197933
	121.2837525	24.1983353
	121.2837024	24.1984934
	121.2833167	24.1987831
	121.2831675	24.1990674
	121.2828486	24.1995266
	121.2828841	24.1998584
	121.2830312	24.2003299
	121.2829766	24.2012126
	121.2830167	24.2015669
	121.2830963	24.2019438
	121.2833361	24.2023045
	121.2834397	24.202539
	121.2835295	24.2032341
	121.2840601	24.2034769
	121.2841973	24.2036234
	121.2842063	24.2037769
	121.2840625	24.2039781
	121.2840677	24.2041067
	121.2842273	24.2044856
	121.2843062	24.2051153
	121.2843851	24.2053499
	121.2845418	24.2055166
	121.284874	24.2060442
	121.2851065	24.2067165
	121.2858186	24.2080357
	121.2858764	24.2082974
	121.2860467	24.2086605
	121.2861227	24.2087868
	121.286411	24.2086576
	121.287121	24.2085118
	121.2876537	24.2083076
	121.2877577	24.2081991
	121.2881822	24.2080245
	121.2885315	24.2081005
	121.2887426	24.2082311
	121.2894628	24.2089317
	121.2900363	24.2093776
	121.2905027	24.2096738
	121.290851	24.2099381
	121.2917153	24.2103969
	121.2920905	24.2107032
	121.2921925	24.2109423
	121.292269	24.2114117
	121.2923659	24.2116936
	121.2925076	24.2119146
	121.2926395	24.2120657
	121.2928116	24.2121962
	121.2934798	24.2124612
	121.293553	24.2125627
	121.2938208	24.2131513
	121.2942403	24.2139067
	121.2945826	24.2144895
	121.2947973	24.214786
	121.2949334	24.2154645
	121.2949596	24.2157631
	121.2950473	24.2159209
	121.2952096	24.2159996
	121.2954264	24.2159631
	121.2956569	24.2161049
	121.2959112	24.2164633
	121.2962884	24.2168485
	121.2962068	24.217403
	121.2962208	24.2175304
	121.2963331	24.2176949
	121.2966962	24.2179854
	121.2968037	24.2181613
	121.297329	24.2194153
	121.2974461	24.219607
	121.2976862	24.2198097
	121.2981681	24.2199442
	121.2983251	24.2201086
	121.2984506	24.2202824
	121.2985151	24.2204604
	121.2985531	24.2207631
	121.2986451	24.2210719
	121.298724	24.2211321
	121.2989677	24.2211936
	121.2992546	24.2213325
	121.2995345	24.2215554
	121.2996101	24.2217039
	121.2997063	24.2221352
	121.2996723	24.2224468
	121.2997192	24.2227627
	121.2997757	24.222871
	121.2999082	24.2229475
	121.3000846	24.222981
	121.300372	24.2234025
	121.3004572	24.22389
	121.3003163	24.2243168
	121.3003094	24.2244863
	121.3002987	24.2248158
	121.3003661	24.2251994
	121.3005536	24.2257543
	121.3010094	24.2264712
	121.3011615	24.2271005
	121.3012514	24.2273106
	121.3020919	24.2274037
	121.3042524	24.2284152
	121.3045557	24.2285004
	121.3047207	24.2286467
	121.3048236	24.2289693
	121.3049673	24.2292174
	121.3051229	24.2292897
	121.3055011	24.2293739
	121.3061565	24.2295965
	121.3063347	24.2296164
	121.3064066	24.2297066
	121.3066575	24.2297602
	121.3076422	24.2297921
	121.3081618	24.2299161
	121.3085832	24.2299548
	121.3091429	24.2300825
	121.309707	24.2297314
	121.3096652	24.2298759
	121.3095898	24.2302418
	121.3092699	24.2310392
	121.3092598	24.2311827
	121.3093258	24.2315677
	121.3093157	24.2317999
	121.3091678	24.2323532
	121.3088561	24.233259
	121.308604	24.2335914
	121.3086013	24.2337403
	121.3084364	24.2341492
	121.3083445	24.2345896
	121.3084041	24.2356933
	121.3083148	24.2365535
	121.3083185	24.2371901
	121.308404	24.2381944
	121.3083116	24.2386889
	121.3082595	24.2394114
	121.3080938	24.2397119
	121.3080698	24.2408519
	121.3081227	24.2412288
	121.3087511	24.2432794
	121.3090127	24.2438093
	121.3092582	24.2441519
	121.3095247	24.2444178
	121.3099728	24.2447148
	121.3103954	24.2453483
	121.3104606	24.2458673
	121.3106109	24.2462688
	121.3105738	24.2467452
	121.3106177	24.246946
	121.3109882	24.2475727
	121.3107722	24.248212
	121.3103992	24.2488245
	121.3103277	24.2491768
	121.3103045	24.2500301
	121.3104317	24.2502939
	121.3109246	24.2507579
	121.3110624	24.2509879
	121.31125	24.2514322
	121.3113225	24.251502
	121.3116809	24.2524877
	121.3119918	24.2531575
	121.3119333	24.2533608
	121.3113417	24.2538383
	121.3109265	24.2543448
	121.3108276	24.2548145
	121.3109664	24.255927
	121.3109364	24.2562384
	121.3108872	24.2564125
	121.310683	24.256975
	121.3103447	24.2575739
	121.3102653	24.2578291
	121.3099344	24.2583219
	121.3098429	24.2589067
	121.3094955	24.2597088
	121.309032	24.2601973
	121.308952	24.2604728
	121.3090705	24.2607457
	121.3093418	24.2607921
	121.3094723	24.2607923
	121.3098662	24.2610443
	121.3101069	24.2613102
	121.3104976	24.2614832
	121.3104532	24.2619438
	121.310908	24.2625568
	121.3116424	24.2628014
	121.3120812	24.2630172
	121.3122117	24.2633939
	121.3122671	24.263773
	121.312818	24.2642843
	121.3130861	24.2646562
	121.313408	24.2652023
	121.3136301	24.265497
	121.3138054	24.2660542
	121.3140192	24.2663766
	121.3142048	24.2665048
	121.3145673	24.2666012
	121.3149658	24.2668373
	121.3151092	24.2670808
	121.3152983	24.2672272
	121.3155423	24.267572
	121.3156359	24.2676444
	121.3157931	24.2676785
	121.3160785	24.2678486
	121.3161598	24.2679678
	121.3161868	24.2680831
	121.3160726	24.2688147
	121.3161507	24.2689155
	121.3164116	24.2691074
	121.3166936	24.2695064
	121.3168824	24.2696776
	121.3171062	24.2698125
	121.3178306	24.2700367
	121.3182517	24.2704106
	121.3184079	24.270724
	121.3187206	24.2710777
	121.3188163	24.2714274
	121.3189248	24.2716326
	121.3193242	24.2718304
	121.3195701	24.2720556
	121.3197895	24.2723847
	121.3199662	24.273127
	121.3200959	24.2733096
	121.3203605	24.2735009
	121.320599	24.2738728
	121.3208363	24.2743667
	121.3209271	24.2747119
	121.3208566	24.2754547
	121.3208936	24.2763327
	121.3216686	24.2767802
	121.3221769	24.2773164
	121.3226223	24.2776901
	121.3226985	24.2779834
	121.3226609	24.2783582
	121.3226306	24.278426
	121.3223332	24.2786456
	121.3222107	24.2791176
	121.3221935	24.2794066
	121.3223765	24.2799322
	121.3223919	24.2804332
	121.3223018	24.2805779
	121.3220326	24.2814972
	121.3220211	24.2822963
	121.3221242	24.2829146
	121.3220428	24.2832082
	121.3217456	24.2837822
	121.3218036	24.2840913
	121.3220187	24.2843053
	121.3221715	24.2845221
	121.3223006	24.2847629
	121.3223843	24.2853609
	121.3223353	24.2876454
	121.321991	24.2886935
	121.322108	24.2894291
	121.322047	24.2902464
	121.3221435	24.2910475
	121.3222362	24.2911828
	121.3226786	24.2913308
	121.3229667	24.2916801
	121.3230485	24.2924858
	121.323307	24.2928306
	121.3237138	24.2940907
	121.3238185	24.2942377
	121.3239574	24.2943061
	121.3241591	24.2944946
	121.3243536	24.2948599
	121.3253048	24.2955305
	121.3255611	24.2960009
	121.3257565	24.296279
	121.3259107	24.296773
	121.3260896	24.2968848
	121.3269774	24.2973463
	121.3283711	24.2982146
	121.3287906	24.2986471
	121.3296215	24.2996859
	121.3300989	24.3000056
	121.3302426	24.3001292
	121.3303358	24.3002676
	121.3303712	24.3004472
	121.3304649	24.3014177
	121.3304077	24.302885
	121.3304421	24.3034222
	121.3304725	24.3036231
	121.3307765	24.3044169
	121.330837	24.3048208
	121.3308096	24.305204
	121.330736	24.3055186
	121.3301819	24.3066236
	121.3292794	24.3078964
	121.3288798	24.3088611
	121.3284879	24.309117
	121.3279398	24.3093417
	121.3277192	24.3095182
	121.3275544	24.3098034
	121.3272776	24.3104334
	121.3271612	24.3108128
	121.3273238	24.3117899
	121.3274109	24.3119584
	121.3275764	24.3121979
	121.3280739	24.3127725
	121.3281375	24.312881
	121.328124	24.3129732
	121.3278346	24.3135621
	121.3275423	24.3140309
	121.3270942	24.3145804
	121.3266276	24.3152495
	121.3265791	24.3155544
	121.3265885	24.3158037
	121.326652	24.3160079
	121.3273844	24.3171531
	121.3274314	24.3173003
	121.3274481	24.3174802
	121.3274075	24.3183652
	121.3273085	24.3189094
	121.3272706	24.3190065
	121.3268172	24.3192852
	121.3267101	24.3194592
	121.3266846	24.3196015
	121.3267468	24.3198383
	121.3268725	24.3200751
	121.3268922	24.3202308
	121.3269667	24.320403
	121.3271922	24.3207059
	121.3275789	24.321297
	121.3277116	24.3215647
	121.327846	24.3219771
	121.3280993	24.3225193
	121.3282289	24.322984
	121.3282856	24.3234579
	121.3284624	24.3238571
	121.3285303	24.3242881
	121.3283871	24.3249814
	121.3283923	24.3253132
	121.3284884	24.3257927
	121.3285354	24.3263535
	121.3283699	24.3265412
	121.3282884	24.3267174
	121.3282598	24.3269748
	121.3282966	24.3271644
	121.3281244	24.3281805
	121.3279674	24.3284404
	121.3271779	24.3291825
	121.3274273	24.3292836
	121.327862	24.3292533
	121.3282236	24.3291757
	121.328428	24.3290331
	121.328588	24.3288725
	121.3288306	24.3284815
	121.328903	24.3281801
	121.329047	24.3278557
	121.3290624	24.3276356
	121.329137	24.3274266
	121.3292421	24.3273203
	121.3293363	24.3272998
	121.3294747	24.3273896
	121.3299792	24.3278785
	121.3301457	24.3279797
	121.3302933	24.3280042
	121.3305407	24.3279473
	121.3312572	24.3275552
	121.3317706	24.3272178
	121.3320172	24.3272217
	121.3322995	24.3273258
	121.3324047	24.3273924
	121.3327118	24.3276174
	121.3330922	24.3279591
	121.3335998	24.3283221
	121.3337666	24.3283917
	121.3341466	24.3283999
	121.3344294	24.32836
	121.3348535	24.3282629
	121.3354601	24.3278891
	121.3357822	24.327771
	121.3359752	24.3277322
	121.3366954	24.3277351
	121.3368588	24.3276919
	121.3369899	24.3276288
	121.3372218	24.3274382
	121.3375534	24.3270515
	121.3385589	24.3278213
	121.3392816	24.3282553
	121.3397407	24.3286019
	121.3398294	24.3288206
	121.3399842	24.3298428
	121.3405953	24.3305931
	121.3412932	24.3310837
	121.3420093	24.3314838
	121.3431039	24.3324768
	121.3434905	24.3329613
	121.3434305	24.3332142
	121.3434934	24.3341712
	121.3444383	24.3347875
	121.3448013	24.3354119
	121.3454544	24.3360967
	121.3454438	24.3374149
	121.3450958	24.3380726
	121.3449622	24.3385356
	121.3455454	24.3388706
	121.3462048	24.3390181
	121.3464663	24.3390311
	121.3469674	24.3388019
	121.3470548	24.3389191
	121.3473141	24.3391126
	121.3478109	24.3392492
	121.3487992	24.3399738
	121.3490802	24.3400138
	121.3500486	24.339849
	121.3506886	24.3404389
	121.3512857	24.3408687
	121.3516261	24.3413261
	121.3518105	24.3417342
	121.3522868	24.3430401
	121.3528777	24.343576
	121.353173	24.3445685
	121.3533272	24.3448728
	121.3535961	24.3451002
	121.3538512	24.3452305
	121.3542025	24.3455502
	121.3544314	24.3458928
	121.3544467	24.3465113
	121.3544934	24.3468091
	121.3545702	24.3469827
	121.3550141	24.3474309
	121.3555316	24.3477118
	121.3558481	24.3482077
	121.3558795	24.3483228
	121.3560371	24.348503
	121.3563787	24.3493012
	121.3565632	24.3494046
	121.3568181	24.3494695
	121.3571331	24.3496696
	121.357611	24.3502125
	121.3580041	24.3504509
	121.3581759	24.3506626
	121.3585991	24.3508874
	121.3594715	24.351623
	121.3597261	24.3517944
	121.360313	24.3524972
	121.3609998	24.3531502
	121.36146	24.353797
	121.3619235	24.3541412
	121.3628303	24.3556424
	121.3629682	24.3558487
	121.3631554	24.3560321
	121.3636535	24.3563988
	121.3643753	24.356668
	121.3647926	24.3571704
	121.365216	24.3575869
	121.3659347	24.3580592
	121.3671126	24.3592437
	121.3674198	24.3595003
	121.3680812	24.3598463
	121.3682566	24.3600106
	121.3686617	24.3606801
	121.3689814	24.3611036
	121.3691422	24.3616247
	121.3694367	24.3620844
	121.3703118	24.3630258
	121.3712234	24.3638453
	121.3712958	24.3639534
	121.3714819	24.3644947
	121.3716269	24.3651885
	121.3717884	24.3657671
	121.3719722	24.3660442
	121.3722112	24.3662468
	121.3724222	24.3666729
	121.3725531	24.3671985
	121.3727522	24.3674441
	121.3731568	24.3678155
	121.3733066	24.3680477
	121.3733668	24.3685441
	121.3739035	24.3687685
	121.3751907	24.3691807
	121.375696	24.3694074
	121.3761108	24.3693906
	121.3762841	24.3693518
	121.3765755	24.3690283
	121.3767493	24.368942
	121.3772995	24.3687578
	121.3780124	24.3685981
	121.3786627	24.368312
	121.3789476	24.368072
	121.3793152	24.3679176
	121.3796239	24.3677227
	121.3801182	24.3676876
	121.3802603	24.3675202
	121.3813321	24.3676846
	121.3817819	24.3680085
	121.3821945	24.3682
	121.3824223	24.368348
	121.3826345	24.3684239
	121.3830685	24.3688404
	121.3832931	24.3689482
	121.3844847	24.3692815
	121.3846137	24.3693413
	121.3847846	24.3694893
	121.3857903	24.3700728
	121.3867182	24.370409
	121.3870222	24.370582
	121.3872169	24.3708862
	121.3875615	24.3719688
	121.3878277	24.3724986
	121.3881384	24.3737664
	121.3883844	24.3743549
	121.3890144	24.3753803
	121.3890687	24.3755901
	121.3893052	24.3757746
	121.3894568	24.375829
	121.3896902	24.3758391
	121.3914816	24.3754778
	121.3922016	24.3756227
	121.3929266	24.3759684
	121.393247	24.3761956
	121.3935473	24.376653
	121.3936649	24.3773389
	121.3937536	24.3775238
	121.3942958	24.3780415
	121.3944433	24.3784294
	121.3946456	24.3784988
	121.3949266	24.3784981
	121.3951683	24.3785629
	121.3957165	24.3783155
	121.3959946	24.3782687
	121.3961951	24.3781901
	121.396719	24.3781321
	121.3968958	24.3781454
	121.3971724	24.3783712
	121.3972656	24.3784897
	121.3973979	24.3785329
	121.3976059	24.3786581
	121.3980249	24.3789663
	121.3982906	24.3794058
	121.3984388	24.3794189
	121.3989811	24.3796364
	121.3992867	24.3800306
	121.3993853	24.3800575
	121.3996303	24.3800661
	121.4002338	24.3801816
	121.4006237	24.3801603
	121.401004	24.3801868
	121.4011566	24.3802483
	121.4012601	24.3802376
	121.401532	24.3800179
	121.4018058	24.3796765
	121.4021542	24.379312
	121.4023322	24.3789843
	121.4025695	24.3787263
	121.4027226	24.3786288
	121.4029545	24.3786056
	121.4031521	24.3784652
	121.4036362	24.3779199
	121.403745	24.3778519
	121.4041643	24.3777672
	121.4043668	24.3777893
	121.4044357	24.3778591
	121.4046521	24.3783054
	121.4048197	24.3784788
	121.4050124	24.3784557
	121.4053299	24.3785011
	121.4059546	24.3785164
	121.406838	24.3784779
	121.4071388	24.3785042
	121.4076616	24.3786314
	121.4087099	24.3789898
	121.4091651	24.3790721
	121.4108518	24.3801623
	121.411794	24.380487
	121.4119373	24.3804911
	121.4124143	24.3803544
	121.4126249	24.3802071
	121.4131306	24.3800003
	121.4135054	24.3799654
	121.4142915	24.3802301
	121.4146547	24.3803144
	121.4154552	24.3807592
	121.4155788	24.3807701
	121.4158835	24.3806767
	121.4163876	24.3803255
	121.4168338	24.380094
	121.4169865	24.3800755
	121.4173527	24.3801287
	121.4182636	24.3799411
	121.4183823	24.3799656
	121.4184816	24.3800195
	121.4188069	24.380373
	121.419264	24.3810195
	121.4196393	24.3814045
	121.4201156	24.3816086
	121.4202113	24.3817505
	121.4204059	24.3819125
	121.4207241	24.382099
	121.4212595	24.3822916
	121.42212	24.3820161
	121.4222439	24.3820428
	121.4240104	24.3819927
	121.4243911	24.3820571
	121.4248231	24.3822568
	121.4254	24.3825983
	121.4260794	24.3828357
	121.4264075	24.3830198
	121.4270408	24.3835282
	121.4279826	24.384205
	121.4282212	24.3843284
	121.4284129	24.3843351
	121.4287044	24.3842955
	121.4288518	24.3842499
	121.4291211	24.3840753
	121.4293083	24.3840274
	121.4297489	24.3841458
	121.4309763	24.3839843
	121.431208	24.3840116
	121.431919	24.3839952
	121.4323691	24.3840774
	121.4331791	24.3841112
	121.4333177	24.384025
	121.4336533	24.3839451
	121.4346009	24.3838701
	121.4358057	24.3835709
	121.4366246	24.3835054
	121.4371918	24.3836367
	121.4372583	24.3831551
	121.4373586	24.382884
	121.4373718	24.3826658
	121.4375213	24.3821552
	121.4376403	24.3819134
	121.4381355	24.3812302
	121.4383041	24.3808077
	121.438626	24.3804388
	121.4388575	24.3800501
	121.4391659	24.3796021
	121.439488	24.3790346
	121.4395976	24.3786618
	121.4398007	24.3783362
	121.4399149	24.3779611
	121.4401679	24.3775225
	121.440356	24.3773075
	121.4404706	24.3768015
	121.4407379	24.3764103
	121.440734	24.3759995
	121.4409081	24.3754798
	121.4409336	24.3751818
	121.441361	24.3748085
	121.4416358	24.3745341
	121.4418143	24.3742176
	121.441923	24.3741225
	121.4420363	24.3741131
	121.4421333	24.3741205
	121.442342	24.3742274
	121.442603	24.3744997
	121.4428885	24.374675
	121.4431692	24.3749473
	121.4435788	24.374849
	121.4441518	24.3745877
	121.444354	24.3746345
	121.4445461	24.3747694
	121.4450036	24.3749793
	121.4461426	24.3755761
	121.4462905	24.375622
	121.4468667	24.3760244
	121.4468852	24.3755283
	121.4468494	24.3749681
	121.4469105	24.374372
	121.4470447	24.3738231
	121.4475339	24.3726163
	121.447778	24.3717555
	121.4480939	24.3710368
	121.4487716	24.3700642
	121.4491334	24.369343
	121.4493251	24.3691009
	121.4496725	24.3689058
	121.4497356	24.368804
	121.4498261	24.3683367
	121.4498845	24.3677314
	121.4502393	24.3668252
	121.4506162	24.3661198
	121.4508023	24.365503
	121.4512878	24.3653526
	121.4520703	24.3649462
	121.4528413	24.3647995
	121.4530728	24.3646837
	121.4534348	24.364274
	121.4539848	24.3638864
	121.4541846	24.3636668
	121.4550043	24.3631813
	121.4559351	24.3623908
	121.4560025	24.3620565
	121.456351	24.3614911
	121.4565323	24.3613574
	121.4577234	24.3607737
	121.4583135	24.3607629
	121.4586781	24.3601275
	121.458816	24.36003
	121.4588793	24.3598131
	121.4589985	24.3596367
	121.459907	24.3590268
	121.4602001	24.3590743
	121.4602694	24.359055
	121.4603826	24.3587815
	121.4608154	24.3583649
	121.4611105	24.3579419
	121.4614052	24.3576791
	121.4617808	24.3574613
	121.462044	24.3572393
	121.4624622	24.3570833
	121.4627674	24.3570309
	121.4630389	24.3569338
	121.4632754	24.3568943
	121.4635009	24.3568988
	121.4636891	24.3568551
	121.4638331	24.3567282
	121.4641148	24.35661
	121.4643029	24.3564221
	121.4643601	24.3562097
	121.4648988	24.355804
	121.4658618	24.3556859
	121.4661662	24.3555707
	121.4664933	24.3554876
	121.4671249	24.3554608
	121.4673687	24.3553585
	121.4678953	24.3548964
	121.4681959	24.3547375
	121.4687346	24.3543318
	121.4696176	24.3538189
	121.470018	24.3536551
	121.470656	24.3535425
	121.4709125	24.3534334
	121.4712694	24.3531772
	121.4715698	24.3531086
	121.4726682	24.3526424
	121.4731496	24.3524965
	121.4738111	24.3520587
	121.4741049	24.351972
	121.4751344	24.3512668
	121.4753096	24.3512618
	121.4759055	24.3515104
	121.4761372	24.3515278
	121.476462	24.3514049
	121.4768569	24.351512
	121.4770824	24.3515293
	121.4773199	24.3514654
	121.477527	24.3515731
	121.4781915	24.3517944
	121.4786427	24.3518607
	121.4788488	24.3517969
	121.479528	24.3511582
	121.4802265	24.3505939
	121.4806744	24.3500417
	121.4806793	24.3497077
	121.4808531	24.3494204
	121.4809884	24.3489437
	121.481251	24.3488458
	121.4815449	24.348793
	121.4817015	24.3488106
	121.4819387	24.3486834
	121.4831894	24.3484198
	121.4843655	24.348398
	121.4848915	24.3482496
	121.4851174	24.3482715
	121.4853617	24.3483926
	121.4856437	24.348351
	121.4856949	24.3481297
	121.4863639	24.3476761
	121.4868133	24.3471239
	121.4871307	24.3464344
	121.4872232	24.3459849
	121.4873793	24.3458083
	121.487517	24.3457492
	121.4883188	24.3456947
	121.488957	24.3454128
	121.4892882	24.3451137
	121.4896385	24.3449975
	121.489844	24.3445431
	121.4900813	24.3443302
	121.4902311	24.3441175
	121.4904872	24.3439451
	121.4908058	24.343583
	121.490918	24.3433749
	121.4909285	24.3427338
	121.4910279	24.3424694
	121.4916223	24.3422553
	121.4918725	24.3421213
	121.4920408	24.3418341
	121.4921908	24.3416959
	121.4924788	24.3416273
	121.4933159	24.3408842
	121.4937642	24.3406407
	121.494104	24.3405137
	121.4945604	24.340203
	121.4954433	24.3400285
	121.4958255	24.3400386
	121.4961454	24.3400962
	121.49671	24.3403585
	121.4971698	24.3404311
	121.4977318	24.3405899
	121.4981273	24.3407669
	121.4985528	24.3406639
	121.4991234	24.3408178
	121.4994693	24.3408437
	121.5001956	24.3406969
	121.5013738	24.340614
	121.5016697	24.340832
	121.5021593	24.3408981
	121.5027184	24.3411016
	121.5029644	24.3413243
	121.5040072	24.3416346
	121.5044503	24.3415793
	121.5047091	24.3415848
	121.505299	24.341689
	121.5058725	24.3421001
	121.507268	24.3426778
	121.5075666	24.342757
	121.5077512	24.342762
	121.5079125	24.3424951
	121.508163	24.3424604
	121.5082754	24.3423788
	121.5083814	24.3422407
	121.5085106	24.3417392
	121.5086104	24.3416576
	121.5099191	24.3410144
	121.5100945	24.3409732
	121.5104838	24.3409899
	121.5108659	24.3408261
	121.5117948	24.3408388
	121.5120861	24.3409391
	121.5121594	24.3409233
	121.5125784	24.340651
	121.5127476	24.3406098
	121.5134705	24.3407902
	121.5138367	24.3400306
	121.5139159	24.3395992
	121.5138667	24.3386219
	121.5139594	24.3383169
	121.5139259	24.3379536
	121.5139874	24.3377074
	121.5141988	24.3373477
	121.5142897	24.3367447
	121.514266	24.3358352
	121.5140721	24.334802
	121.5141898	24.3345014
	121.5142683	24.3339616
	121.5143855	24.333564
	121.5143945	24.3328913
	121.514291	24.3323567
	121.5142758	24.3318624
	121.5141721	24.3312646
	121.5140247	24.3309592
	121.5138106	24.3305931
	121.5137513	24.3304467
	121.5137186	24.3302955
	121.5137674	24.3299567
	121.5138903	24.329704
	121.5139176	24.3295309
	121.5139905	24.3293759
	121.5141379	24.3286666
	121.5142642	24.3275285
	121.5142317	24.3272691
	121.5138109	24.3259365
	121.5137844	24.3256093
	121.5138692	24.3249589
	121.5142763	24.3234452
	121.5143312	24.3230883
	121.5142421	24.3226011
	121.5143479	24.3222531
	121.514366	24.3220273
	121.514295	24.3211292
	121.5142445	24.3208991
	121.5140058	24.3205094
	121.5136424	24.3202578
	121.5134506	24.3201911
	121.5125153	24.3199908
	121.5120523	24.3200036
	121.5119209	24.3200379
	121.5118833	24.3201058
	121.5118586	24.320239
	121.5119282	24.320548
	121.5119846	24.3206404
	121.5122274	24.3207788
	121.5123357	24.3208785
	121.5124119	24.3209952
	121.5124302	24.3211084
	121.5123055	24.3213278
	121.5120618	24.321464
	121.5106457	24.3206945
	121.5102045	24.3205647
	121.50975	24.3203793
	121.5094992	24.3201747
	121.5093923	24.3199381
	121.5092768	24.3186947
	121.5090437	24.3179213
	121.5089744	24.3177725
	121.5088354	24.3176489
	121.5087926	24.3175655
	121.5087853	24.3172224
	121.5088908	24.3167909
	121.5088085	24.3163217
	121.5084613	24.3150385
	121.5084254	24.3147262
	121.5084475	24.314499
	121.5084225	24.3144133
	121.5081634	24.3142865
	121.5080176	24.3141664
	121.5079052	24.3138508
	121.5079424	24.3137216
	121.5080119	24.3136608
	121.5079543	24.3135007
	121.5083434	24.3134118
	121.5086336	24.3132975
	121.5093387	24.312776
	121.5096083	24.3126532
	121.5099461	24.3125844
	121.5101793	24.3124075
	121.5102819	24.3123981
	121.5107535	24.3125256
	121.5109166	24.3125315
	121.5120809	24.3123357
	121.512323	24.31225
	121.5125212	24.3121452
	121.5126739	24.3121147
	121.5129356	24.3121071
	121.5133618	24.3122004
	121.5135662	24.3121976
	121.5136969	24.3120685
	121.5138963	24.3117473
	121.5141318	24.3116008
	121.5145913	24.311386
	121.5149957	24.3110438
	121.5150029	24.3109241
	121.5145783	24.3106827
	121.5144248	24.310574
	121.514213	24.310349
	121.5140817	24.3100791
	121.5140528	24.3099251
	121.5140305	24.3096792
	121.5140727	24.3093811
	121.5141665	24.3090377
	121.5143193	24.3087595
	121.5147129	24.3084015
	121.5149755	24.3078657
	121.5154614	24.3074261
	121.5157886	24.3070255
	121.5158217	24.3068493
	121.5156019	24.3063015
	121.5156117	24.3058388
	121.5157361	24.3052424
	121.5158718	24.3049147
	121.5159698	24.3047902
	121.5162177	24.3045861
	121.5170023	24.3045992
	121.5174217	24.3045617
	121.5178472	24.3048283
	121.518029	24.304905
	121.5186786	24.3049772
	121.5187754	24.3049363
	121.5189697	24.3043398
	121.5190682	24.3041266
	121.5191956	24.3039326
	121.5194239	24.3037604
	121.5196104	24.3037098
	121.5196855	24.3037189
	121.5198481	24.303655
	121.5203299	24.3033464
	121.5204477	24.3031858
	121.520645	24.3026502
	121.5207605	24.3024918
	121.5210195	24.302378
	121.5219727	24.3020992
	121.5222153	24.3020639
	121.5224393	24.3019713
	121.5229476	24.3016596
	121.5230057	24.3016482
	121.523672	24.301278
	121.5241288	24.3009739
	121.524549	24.3007519
	121.5248224	24.3006492
	121.5252678	24.300549
	121.5253933	24.3004985
	121.5254284	24.3004282
	121.5254151	24.3003246
	121.5252382	24.2996081
	121.5252248	24.2994314
	121.5254334	24.2990943
	121.525634	24.2981682
	121.5257849	24.297944
	121.5259785	24.2977265
	121.5261587	24.2974485
	121.5263327	24.2970716
	121.5265027	24.2968018
	121.5266676	24.2966148
	121.5269934	24.2963531
	121.5271574	24.296042
	121.5273488	24.2958011
	121.527553	24.2956672
	121.5280094	24.2952014
	121.5283521	24.2949105
	121.5285009	24.2948625
	121.5285994	24.2948643
	121.5286993	24.2948889
	121.5290336	24.2951157
	121.5293477	24.2952742
	121.5296484	24.2954213
	121.5297409	24.2954406
	121.5298363	24.2954132
	121.5304037	24.2950094
	121.5310676	24.2946922
	121.5313373	24.2945253
	121.5316805	24.2942262
	121.5317305	24.2941546
	121.5317861	24.2939346
	121.5318318	24.293228
	121.5318068	24.2927378
	121.5317191	24.292322
	121.5317293	24.2922035
	121.5317931	24.2919473
	121.5319859	24.2914171
	121.5320528	24.2909894
	121.5320563	24.2906652
	121.5320756	24.2905463
	121.5321171	24.2904731
	121.5322293	24.290355
	121.5324435	24.2902101
	121.532684	24.2900851
	121.5328501	24.2900588
	121.5330712	24.2900612
	121.5335369	24.2901568
	121.5336928	24.2901651
	121.5338866	24.2901158
	121.5341363	24.2899875
	121.5342875	24.2898527
	121.5343873	24.2897248
	121.5346223	24.2893763
	121.534726	24.2891932
	121.5348678	24.288836
	121.5349729	24.2883345
	121.5349864	24.287883
	121.534939	24.2875769
	121.5347522	24.286889
	121.5346815	24.2864711
	121.5346306	24.2856315
	121.5347142	24.285313
	121.5349288	24.285012
	121.5354283	24.2845521
	121.5359915	24.2843148
	121.5367608	24.283947
	121.5371372	24.2835123
	121.5372517	24.2832861
	121.5374517	24.2824468
	121.5375656	24.2817998
	121.537528	24.2815152
	121.5375276	24.2809512
	121.5375348	24.2808147
	121.5376061	24.2805175
	121.5376464	24.2804046
	121.5377742	24.2802483
	121.5378651	24.2801642
	121.5380212	24.2801084
	121.5380941	24.2800485
	121.5380918	24.2799968
	121.5380506	24.2799449
	121.5378118	24.2798035
	121.5376093	24.2795965
	121.5373662	24.2791144
	121.5372734	24.2786361
	121.5370483	24.2779575
	121.5370577	24.2776166
	121.5371107	24.2774313
	121.5372	24.277273
	121.5374545	24.2771164
	121.5376642	24.2768561
	121.5380585	24.2757576
	121.5381816	24.2756082
	121.5384635	24.2754424
	121.538494	24.2753024
	121.5384259	24.2749324
	121.538422	24.2744336
	121.5384836	24.2741594
	121.538572	24.2739478
	121.538748	24.2736492
	121.5388515	24.2735273
	121.5390165	24.2733706
	121.5392479	24.2732175
	121.5393891	24.2730706
	121.5397575	24.2728262
	121.5399339	24.2727579
	121.5402878	24.2727402
	121.5404298	24.2727606
	121.540512	24.2727829
	121.5407695	24.2728858
	121.5417885	24.2730176
	121.5421629	24.2731179
	121.5424862	24.2732792
	121.5427024	24.2733211
	121.5428905	24.2733184
	121.5431186	24.2732522
	121.5433971	24.2730911
	121.5436625	24.2729771
	121.5444154	24.2727562
	121.5451074	24.2725069
	121.5457718	24.2721908
	121.5459827	24.2718837
	121.5460572	24.2718444
	121.5463275	24.2717915
	121.5466424	24.2717971
	121.5472603	24.27205
	121.5474581	24.2720786
	121.5478575	24.2719361
	121.548131	24.2718098
	121.5483873	24.271143
	121.548795	24.2704644
	121.5490375	24.2701205
	121.549458	24.2696246
	121.549998	24.2692208
	121.5503793	24.2684903
	121.5506349	24.2681734
	121.5510893	24.2677858
	121.5512409	24.2675956
	121.5524012	24.2669571
	121.5529615	24.2663389
	121.5537378	24.2650742
	121.5538652	24.2647984
	121.5539022	24.2641707
	121.5540223	24.2638949
	121.5541538	24.2633549
	121.5541129	24.2630792
	121.5541358	24.2629713
	121.5543962	24.2626137
	121.5546221	24.2624729
	121.5556008	24.262045
	121.5561198	24.2619357
	121.5564424	24.2619152
	121.556596	24.2618833
	121.5567441	24.2618241
	121.5573257	24.2615285
	121.5581231	24.2612435
	121.5584526	24.2610245
	121.5596837	24.2600888
	121.5603876	24.2596889
	121.5611717	24.2593226
	121.5617191	24.2591406
	121.5619481	24.2590963
	121.5623681	24.2590609
	121.5627705	24.2590955
	121.5631432	24.2590377
	121.5640542	24.2587738
	121.5646375	24.2585739
	121.5648324	24.2584581
	121.5651036	24.2580417
	121.5654233	24.2577516
	121.5657543	24.2575946
	121.5660383	24.2575505
	121.5662069	24.2574846
	121.5669075	24.2571795
	121.5676928	24.2570141
	121.5689263	24.2568853
	121.5694746	24.2569307
	121.5698451	24.2568593
	121.5700119	24.2569151
	121.5705366	24.2573307
	121.5706228	24.2573304
	121.5708079	24.2570227
	121.571435	24.2556254
	121.5716468	24.2553537
	121.5719748	24.2551108
	121.5721582	24.2549297
	121.5723194	24.254498
	121.5723916	24.2544251
	121.5730074	24.2540597
	121.5732299	24.2539422
	121.5734693	24.2538571
	121.5736127	24.2538875
	121.5737126	24.25396
	121.574362	24.2545286
	121.5749882	24.2549935
	121.5761924	24.2556661
	121.5765957	24.2558316
	121.5770474	24.2558909
	121.5773235	24.2558648
	121.5781195	24.2557153
	121.579644	24.2556914
	121.5805888	24.2560444
	121.5811352	24.256329
	121.581367	24.2563523
	121.5818057	24.2563265
	121.5820485	24.2563865
	121.5821597	24.2564457
	121.5824877	24.2567441
	121.5826526	24.2568537
	121.5833668	24.2570293
	121.5839799	24.2572391
	121.5844309	24.2573068
	121.5845851	24.2573564
	121.5848513	24.257484
	121.5850801	24.2577191
	121.5852348	24.2578166
	121.5856132	24.2577647
	121.5860457	24.2577593
	121.5864669	24.257848
	121.5869571	24.2580515
	121.5878011	24.2585336
	121.5880552	24.2588968
	121.5884021	24.2593416
	121.589887	24.2605909
	121.5906873	24.261678
	121.5910449	24.2620716
	121.5912245	24.2621861
	121.5918716	24.2624251
	121.5923625	24.2626827
	121.592734	24.2628212
	121.5929574	24.2629558
	121.5936817	24.2635782
	121.5946809	24.2641341
	121.595047	24.2644464
	121.5953431	24.2648426
	121.5956945	24.2654845
	121.5957748	24.2655429
	121.5958687	24.2655538
	121.5961938	24.2654442
	121.5965035	24.2655174
	121.5973594	24.2654441
	121.5978553	24.265458
	121.5981359	24.2655042
	121.5985927	24.2657259
	121.5993437	24.2659419
	121.5998257	24.2656759
	121.5999236	24.2656352
	121.6001186	24.2656386
	121.600373	24.265685
	121.600914	24.2659921
	121.6013482	24.2661823
	121.6016548	24.266391
	121.6019115	24.2666609
	121.6020353	24.2666557
	121.6021651	24.2665783
	121.6025331	24.2664959
	121.6031993	24.2665429
	121.60348	24.2666095
	121.6037802	24.2667582
	121.6042518	24.2669359
	121.6045281	24.2670839
	121.6050472	24.2675197
	121.605901	24.2683574
	121.6060582	24.2685351
	121.6062126	24.2686392
	121.607769	24.2689557
	121.6084748	24.2696843
	121.6087485	24.2699155
	121.6089421	24.2700277
	121.6091859	24.270075
	121.6100384	24.2701452
	121.6103204	24.2702754
	121.6110312	24.2707101
	121.6118972	24.270675
	121.6128224	24.2707999
	121.6129448	24.2708491
	121.6131511	24.2711304
	121.613499	24.2717949
	121.6138017	24.2722022
	121.614362	24.2726762
	121.6150353	24.2731633
	121.6150836	24.2737229
	121.6152955	24.2738565
	121.6156759	24.2740023
	121.6158867	24.2741192
	121.6162716	24.2742147
	121.6165071	24.2745546
	121.6168418	24.2747586
	121.6171931	24.2748725
	121.6173946	24.2748986
	121.6178129	24.2747524
	121.6185511	24.2746005
	121.618943	24.2746801
	121.6193279	24.2746966
	121.6204198	24.2746064
	121.6208874	24.274302
	121.6213182	24.2741535
	121.6220796	24.2736245
	121.622416	24.2734945
	121.6230624	24.2733203
	121.6238779	24.2731702
	121.6245793	24.2731493
	121.6247588	24.2731011
	121.6249812	24.2729512
	121.6253574	24.2725772
	121.6259884	24.2723624
	121.6261363	24.2720886
	121.6261374	24.271434
	121.6261753	24.2713616
	121.6263891	24.2712298
	121.6267283	24.2711652
	121.6269155	24.2711735
	121.6277748	24.2706734
	121.6283079	24.2705448
	121.6289071	24.2704655
	121.6298356	24.2705249
	121.6295433	24.2697158
	121.6294224	24.2691678
	121.6291651	24.2685571
	121.6290891	24.2681782
	121.6291456	24.2679568
	121.6292971	24.2676627
	121.6296643	24.267361
	121.6302593	24.2671238
	121.630465	24.2669559
	121.6307637	24.266607
	121.6308474	24.2664712
	121.6309317	24.2662294
	121.6309317	24.2659404
	121.6308321	24.2652005
	121.6308216	24.264257
	121.6306706	24.2635985
	121.6306636	24.2631606
	121.6307155	24.2627812
	121.6306601	24.2622736
	121.6307108	24.262007
	121.6308999	24.2619137
	121.631221	24.2618787
	121.631572	24.26178
	121.6318234	24.261639
	121.63224	24.2613122
	121.6327219	24.2611025
	121.6331961	24.2607846
	121.6334952	24.2606501
	121.6337587	24.260578
	121.6341147	24.2605211
	121.6343414	24.2604322
	121.6345444	24.2601537
	121.6347929	24.2596736
	121.6350397	24.2591336
	121.6352374	24.258424
	121.635203	24.2581474
	121.635228	24.2579455
	121.6354361	24.2574097
	121.6354353	24.2572293
	121.6353753	24.2565071
	121.6354672	24.255676
	121.6353729	24.2545929
	121.6350392	24.2536418
	121.6349982	24.2532469
	121.6350421	24.2531068
	121.6351058	24.2529779
	121.6353876	24.2526629
	121.636354	24.2518192
	121.6366587	24.251362
	121.6370927	24.2509448
	121.6379153	24.2496232
	121.639009	24.2481988
	121.6392163	24.247742
	121.6393737	24.2475291
	121.6394705	24.2474474
	121.6398165	24.2473376
	121.6403706	24.2473218
	121.6406805	24.2472685
	121.6410339	24.2470794
	121.6420573	24.2470122
	121.6422602	24.2468669
	121.6425611	24.2464886
	121.642956	24.2463177
	121.6432224	24.2461495
	121.6435365	24.24576
	121.6436061	24.2457123
	121.6439785	24.2456633
	121.64435	24.2454969
	121.6446013	24.2452905
	121.6449005	24.2449506
	121.6453925	24.2450238
	121.6455108	24.245018
	121.64587	24.2448675
	121.6463299	24.2445789
	121.6466135	24.2448894
	121.6469711	24.2451855
	121.6471484	24.2453925
	121.647355	24.2455383
	121.6477297	24.2457467
	121.6482757	24.245952
	121.6484956	24.2459217
	121.6485663	24.2458515
	121.6489818	24.2452109
	121.6495051	24.2452312
	121.6497298	24.2453245
	121.6500081	24.2453826
	121.6501581	24.2453616
	121.6502475	24.2452777
	121.6505412	24.2446377
	121.6507662	24.2442823
	121.6511069	24.2441657
	121.6517505	24.2440682
	121.6519733	24.2437828
	121.6527805	24.2424679
	121.6531508	24.2419991
	121.6536065	24.241566
	121.653779	24.2412515
	121.6540541	24.2409501
	121.6542132	24.240656
	121.654228	24.2404708
	121.6540092	24.2398736
	121.6539301	24.2394992
	121.6539429	24.238752
	121.6539646	24.2385474
	121.6540242	24.2384176
	121.6541659	24.2383109
	121.6543222	24.2382399
	121.6544731	24.2382261
	121.6548777	24.238265
	121.6553942	24.238423
	121.6559439	24.2385042
	121.6562912	24.238611
	121.6565121	24.2385378
	121.6576148	24.2379236
	121.6583047	24.2377581
	121.6585171	24.2376534
	121.6587255	24.2374832
	121.6594415	24.2371799
	121.6595571	24.237151
	121.6601106	24.2371442
	121.6614145	24.2370607
	121.6614749	24.237083
	121.6616991	24.23724
	121.6618214	24.2374722
	121.6618943	24.2375634
	121.6621539	24.2381342
	121.6623974	24.2384965
	121.662498	24.2385885
	121.6629718	24.238855
	121.6632479	24.2390481
	121.6633078	24.2391
	121.6633744	24.2392214
	121.6634113	24.2394063
	121.6634901	24.2395301
	121.6637696	24.2397772
	121.6640552	24.2399588
	121.664472	24.240054
	121.6650675	24.2401214
	121.6658661	24.239908
	121.6666342	24.2399227
	121.6668957	24.2399644
	121.6672043	24.2401193
	121.6675583	24.2403475
	121.6684105	24.2411338
	121.6686363	24.241424
	121.6694293	24.2420209
	121.6704801	24.2421696
	121.671295	24.2423174
	121.6716344	24.2424762
	121.6722543	24.2428662
	121.6723594	24.242853
	121.6728667	24.242649
	121.6732158	24.2426633
	121.6744649	24.242572
	121.6750407	24.2422602
	121.6751523	24.2421308
	121.6752176	24.2419976
	121.6753323	24.2413334
	121.6754802	24.2409062
	121.6755688	24.2407771
	121.6760409	24.2405719
	121.6765046	24.2404434
	121.677106	24.240355
	121.6772549	24.2402538
	121.6775055	24.2400281
	121.6777609	24.2397381
	121.6779269	24.2394861
	121.6780761	24.2391791
	121.6780943	24.2389308
	121.6779791	24.2382609
	121.6780544	24.2380623
	121.6782254	24.2377655
	121.6786011	24.2374726
	121.6788093	24.2372392
	121.6795211	24.2367304
	121.6797517	24.2364133
	121.6804201	24.2357332
	121.6809748	24.2354973
	121.6816111	24.2352584
	121.6817813	24.2352034
	121.6821362	24.2351725
	121.6822085	24.2351135
	121.6824638	24.234627
	121.6826446	24.2344276
	121.6831683	24.2343711
	121.6837127	24.2341113
	121.6841932	24.2339692
	121.6848437	24.233867
	121.6850274	24.2338708
	121.685303	24.2339118
	121.6857206	24.2339691
	121.6863486	24.2340941
	121.6868771	24.234151
	121.6869973	24.2342026
	121.6871175	24.2341389
	121.6874157	24.2338508
	121.6877897	24.2337702
	121.688495	24.2338911
	121.6897446	24.2340096
	121.6899502	24.2340872
	121.6902683	24.2342555
	121.6903569	24.2342506
	121.691064	24.2340194
	121.6916042	24.2340553
	121.6922475	24.2338673
	121.6925302	24.2337396
	121.6928908	24.2334558
	121.6935091	24.2331393
	121.6940688	24.2335132
	121.6942379	24.2336619
	121.6948091	24.2340303
	121.695424	24.2343878
	121.6956552	24.2344703
	121.6961851	24.2345656
	121.696317	24.2345666
	121.6968044	24.2346862
	121.696997	24.2348546
	121.6972534	24.2354176
	121.6974769	24.2357959
	121.6977227	24.2361283
	121.6979492	24.23631
	121.698381	24.236527
	121.6991872	24.2370047
	121.6999134	24.2378998
	121.7001761	24.2380008
	121.7009464	24.2383645
	121.701254	24.2387242
	121.7013948	24.2388391
	121.7017493	24.2390425
	121.7020145	24.2391496
	121.7025409	24.2392533
	121.7030376	24.2395941
	121.7035352	24.2396617
	121.7042116	24.2400672
	121.7048506	24.2403215
	121.7051294	24.2405482
	121.7054696	24.2409687
	121.7055545	24.2410123
	121.7057535	24.2410287
	121.7059574	24.2411244
	121.7073114	24.2420734
	121.7085148	24.2426295
	121.7094225	24.2431332
	121.7102484	24.2435423
	121.7111608	24.243915
	121.7114661	24.2439858
	121.7116914	24.2439897
	121.7125056	24.2441047
	121.7127035	24.2445489
	121.7127554	24.2445374
	121.7128275	24.2444987
	121.7129233	24.2444034
	121.7129698	24.2443445
	121.713065	24.2442673
	121.7131958	24.2442013
	121.7132866	24.2441512
	121.7134186	24.2441404
	121.7134768	24.2441388
	121.7135448	24.244137
	121.7136627	24.2441339
	121.7138269	24.2441295
	121.7140768	24.2441228
	121.7142697	24.2440791
	121.7144002	24.2440108
	121.714524	24.243946
	121.7146454	24.2438825
	121.7148492	24.2437758
	121.7150995	24.2435871
	121.7153417	24.2434833
	121.7154911	24.243292
	121.7157281	24.2429464
	121.7158809	24.2427236
	121.7160246	24.2422242
	121.7156921	24.2419075
	121.7154224	24.2416718
	121.7151465	24.2414135
	121.7149267	24.2411843
	121.7147011	24.2409438
	121.7145128	24.2407325
	121.7143058	24.2404672
	121.7140546	24.2401817
	121.7138037	24.2398759
	121.7135841	24.2396196
	121.7132702	24.2392351
	121.7130254	24.2389247
	121.7127682	24.2385964
	121.7125737	24.2383783
	121.712379	24.2381151
	121.7122161	24.237915
	121.712009	24.2376451
	121.7119085	24.2375011
	121.7117641	24.2373235
	121.7116448	24.2371683
	121.7114878	24.2369343
	121.7112683	24.2365787
	121.711124	24.2363536
	121.7109545	24.2361535
	121.7107849	24.2358541
	121.7105588	24.235476
	121.7103579	24.2351993
	121.7100064	24.23465
	121.7098118	24.234344
	121.7088696	24.2326058
	121.7081585	24.2310471
	121.7079531	24.2304499
	121.7077597	24.2300829
	121.7077537	24.229733
	121.707579	24.2294517
	121.7073107	24.2288096
	121.7072425	24.2284307
	121.7068301	24.2280286
	121.7066366	24.2277067
	121.7065872	24.2273864
	121.7063378	24.2267939
	121.7061508	24.2261334
	121.7060511	24.2260048
	121.705575	24.2255811
	121.7053013	24.2253022
	121.705174	24.2252325
	121.7045201	24.2247438
	121.7042139	24.224612
	121.70401	24.2244079
	121.7039078	24.2243471
	121.7036699	24.2243301
	121.7030697	24.2241681
	121.7023008	24.2238241
	121.7017949	24.2234224
	121.7015888	24.2231524
	121.7011383	24.2228566
	121.7002236	24.2227344
	121.6997911	24.2225627
	121.699012	24.2221868
	121.6987421	24.2220956
	121.6979573	24.2215604
	121.6977341	24.2213554
	121.6972892	24.2210594
	121.6971385	24.2210127
	121.6965439	24.2210403
	121.6962693	24.2209909
	121.6961375	24.2209315
	121.6957522	24.2206014
	121.695413	24.2202599
	121.6950483	24.22
	121.6948507	24.2198291
	121.6944634	24.2194381
	121.6937073	24.2189427
	121.6934074	24.2186213
	121.6931324	24.2184668
	121.6929953	24.2182553
	121.6927889	24.2180982
	121.6927703	24.2180012
	121.6924331	24.2177206
	121.6921583	24.2173765
	121.6920147	24.2172733
	121.6917895	24.2172021
	121.6911515	24.217117
	121.6907455	24.216954
	121.6905766	24.2169452
	121.6903146	24.2169793
	121.69022	24.2169609
	121.6901142	24.2169064
	121.6898639	24.2166962
	121.6897078	24.2165118
	121.6894701	24.2164768
	121.689345	24.2163848
	121.6892016	24.2161439
	121.6889592	24.2159975
	121.6888455	24.2158859
	121.6883587	24.2151862
	121.6881756	24.2150316
	121.687818	24.2148221
	121.6877277	24.2147195
	121.6877132	24.2146284
	121.6875718	24.2143816
	121.6874034	24.2141409
	121.6871348	24.2138983
	121.6868723	24.2135541
	121.686385	24.2133238
	121.6859103	24.2129106
	121.6857165	24.2128009
	121.6854648	24.21274
	121.6842909	24.2125748
	121.683897	24.2123915
	121.6835597	24.2121267
	121.683164	24.2118857
	121.6830342	24.2118379
	121.6827578	24.2116382
	121.6822636	24.211444
	121.6815257	24.2112825
	121.6813443	24.2111976
	121.6811754	24.2110245
	121.6809568	24.2109849
	121.6808503	24.2108522
	121.6802072	24.2105371
	121.6795684	24.2101582
	121.6793682	24.2100101
	121.6791057	24.2096997
	121.6776607	24.209406
	121.6764476	24.2089238
	121.6758409	24.2086263
	121.6756899	24.2085712
	121.6754211	24.2084961
	121.6751591	24.2083787
	121.6747279	24.2083852
	121.6744339	24.208172
	121.6740275	24.2079887
	121.6735896	24.2075596
	121.6729142	24.2067161
	121.6720701	24.2058327
	121.6716322	24.2052884
	121.6715065	24.2050768
	121.6714301	24.2047001
	121.6713483	24.2045335
	121.6710343	24.2040653
	121.6706576	24.2036359
	121.670054	24.2026137
	121.6694875	24.201526
	121.6693821	24.2011267
	121.6691587	24.200541
	121.668681	24.199708
	121.6685608	24.1993812
	121.6684458	24.1992998
	121.6681667	24.1991933
	121.6673683	24.1985981
	121.666693	24.19813
	121.6663323	24.197624
	121.6659748	24.1974945
	121.6658176	24.197312
	121.6647297	24.1956171
	121.6633341	24.1925217
	121.6631426	24.1918386
	121.662653	24.1906151
	121.6616978	24.1885606
	121.6614924	24.1883358
	121.6608054	24.186384
	121.6606163	24.186019
	121.660353	24.185316
	121.6602905	24.1852576
	121.6586339	24.1853167
	121.6579404	24.1850353
	121.6577716	24.1849209
	121.6575966	24.1847433
	121.6575156	24.184536
	121.6574971	24.1839401
	121.6575411	24.1836465
	121.6575042	24.1832855
	121.6574293	24.1831301
	121.6570285	24.1829665
	121.6569542	24.1828996
	121.6569667	24.1826536
	121.6570864	24.1825289
	121.6565993	24.1823233
	121.6564801	24.1823464
	121.6561121	24.1821403
	121.6562991	24.1812863
	121.6561448	24.1809484
	121.6561445	24.1805872
	121.6563825	24.1802724
	121.6565743	24.1797705
	121.656191	24.1792823
	121.6564547	24.1785137
	121.6563331	24.1782614
	121.6559464	24.1781773
	121.6558559	24.1768459
	121.6546047	24.1741575
	121.6541968	24.1732008
	121.6534995	24.1719127
	121.653272	24.1710153
	121.6528035	24.1696652
	121.6524006	24.1691726
	121.6524023	24.1678182
	121.6520098	24.1667093
	121.6515926	24.1657021
	121.6512173	24.1644577
	121.6509775	24.1638245
	121.6507389	24.162665
	121.6504186	24.1608225
	121.6498415	24.1593261
	121.6490515	24.1574966
	121.6488006	24.1568385
	121.6485496	24.1559615
	121.6479222	24.1542464
	121.6477966	24.15373
	121.6476398	24.1533176
	121.6473453	24.1527794
	121.6473076	24.1526193
	121.6474729	24.1518606
	121.647668	24.1510242
	121.6477362	24.1507034
	121.6476237	24.1505256
	121.6474048	24.1504001
	121.6468049	24.1502401
	121.6463538	24.1501975
	121.6450235	24.1499723
	121.6445798	24.1499719
	121.6433354	24.1501838
	121.6425488	24.1503506
	121.6411928	24.1509658
	121.6408866	24.1510449
	121.6404811	24.1511018
	121.6402053	24.1511934
	121.639824	24.1512582
	121.6390072	24.1512567
	121.6380054	24.1513087
	121.6369547	24.151562
	121.6362681	24.1517629
	121.6356996	24.1518718
	121.6348744	24.1519764
	121.6342932	24.1522158
	121.6336881	24.1526987
	121.6328841	24.1532645
	121.6325491	24.1537238
	121.6324193	24.1539662
	121.632183	24.1542019
	121.6318948	24.1543634
	121.6316261	24.154439
	121.6312703	24.1546865
	121.6309682	24.1552478
	121.6308592	24.1553925
	121.6306157	24.1555356
	121.6303223	24.1556564
	121.6300456	24.1558811
	121.6298728	24.1560578
	121.6295731	24.156208
	121.6284675	24.1563638
	121.6281422	24.1563178
	121.6279475	24.1561966
	121.6276855	24.1560623
	121.6275231	24.1560562
	121.6271919	24.1561817
	121.6262485	24.1562465
	121.6260046	24.156304
	121.625686	24.1563053
	121.625217	24.1560882
	121.6250044	24.1560823
	121.6247858	24.1562142
	121.624593	24.1565829
	121.6244747	24.1569829
	121.6243689	24.1571797
	121.6241815	24.1572776
	121.623888	24.1573171
	121.6232255	24.1572837
	121.622544	24.1572098
	121.6222376	24.157062
	121.6219119	24.156736
	121.6214664	24.1557311
	121.6213035	24.1554925
	121.6209905	24.1551936
	121.6206527	24.1550347
	121.6194832	24.1546444
	121.6191763	24.1542506
	121.619082	24.1539531
	121.6190752	24.1536303
	121.619006	24.1533665
	121.6186171	24.1526977
	121.6185605	24.1524338
	121.6186411	24.1520497
	121.6188606	24.1514458
	121.6191194	24.1505625
	121.6192911	24.1495915
	121.6193297	24.149266
	121.6191347	24.1486302
	121.6191277	24.1481901
	121.6188571	24.1467804
	121.6186582	24.1462869
	121.6182346	24.145476
	121.6172311	24.1440241
	121.6150982	24.1416739
	121.6135442	24.1403799
	121.6123895	24.1395065
	121.612294	24.1394685
	121.6119159	24.1395061
	121.6114688	24.1394899
	121.6105966	24.1384054
	121.6100143	24.1380217
	121.6094691	24.1374934
	121.6092588	24.1374333
	121.6092431	24.1367133
	121.6091485	24.1362825
	121.6088983	24.135963
	121.6087583	24.1356814
	121.608441	24.1344525
	121.6086509	24.1339189
	121.6085822	24.1334018
	121.6085293	24.1331677
	121.6086142	24.1320071
	121.6082383	24.1321101
	121.6077976	24.1321955
	121.6074022	24.1321306
	121.6069961	24.1320113
	121.6062412	24.1320773
	121.6055677	24.1324775
	121.6046791	24.1324765
	121.6039165	24.1322425
	121.6030468	24.1323227
	121.6017658	24.1312465
	121.6019752	24.1309229
	121.60232	24.1305679
	121.6024162	24.1304358
	121.602598	24.1300514
	121.60261	24.1298504
	121.6022532	24.1290415
	121.6016661	24.1280686
	121.6005435	24.1257413
	121.6007372	24.1251491
	121.6008257	24.1244806
	121.6011172	24.1235043
	121.6012492	24.1232036
	121.6016799	24.1229468
	121.6014332	24.1225189
	121.6013556	24.1217563
	121.6006859	24.1212104
	121.6005552	24.1207391
	121.6005437	24.120062
	121.6004026	24.1193334
	121.5994045	24.1182403
	121.5992198	24.1175842
	121.599171	24.116686
	121.5987611	24.1161368
	121.5980146	24.1157763
	121.5975767	24.1154846
	121.5969439	24.1151709
	121.5965885	24.1149715
	121.5962467	24.1145801
	121.5959029	24.1140524
	121.5957282	24.1137266
	121.5953708	24.1136309
	121.5951567	24.1135257
	121.5947436	24.1130758
	121.594593	24.1130159
	121.5941215	24.1129111
	121.5936067	24.1127236
	121.5932407	24.1125038
	121.5929114	24.1122139
	121.5922455	24.1111443
	121.5920606	24.1106394
	121.5921083	24.1106256
	121.5922775	24.1106388
	121.5924396	24.1106718
	121.5927741	24.1108393
	121.5929011	24.1108912
	121.5931682	24.1109794
	121.5933163	24.1110137
	121.5937878	24.1112733
	121.5941781	24.111437
	121.5946232	24.1115707
	121.5947647	24.1115882
	121.594957	24.1115468
	121.5951618	24.1114377
	121.595374	24.111254
	121.5955259	24.1110204
	121.5956807	24.110763
	121.5957976	24.110451
	121.5959232	24.1102948
	121.5960829	24.1101958
	121.5962839	24.1101173
	121.5964359	24.1100807
	121.5966632	24.1100571
	121.597275	24.1097365
	121.5973642	24.1096707
	121.5974749	24.1095461
	121.5975601	24.1094178
	121.5976854	24.1091308
	121.5978035	24.1088992
	121.597944	24.1087162
	121.5981203	24.1085278
	121.59851	24.1082418
	121.5991482	24.1080588
	121.599329	24.1079679
	121.5994636	24.1078634
	121.5982583	24.1070578
	121.5979861	24.1068985
	121.5978712	24.1069216
	121.5977978	24.1069941
	121.5976763	24.1072218
	121.5975257	24.1073857
	121.5972326	24.1075584
	121.596789	24.107412
	121.5963261	24.1072233
	121.59585	24.1069724
	121.5949293	24.1066306
	121.594485	24.106533
	121.5939534	24.1065125
	121.592652	24.1063392
	121.5917774	24.1065236
	121.5911899	24.1066361
	121.5902898	24.1067592
	121.5898329	24.1066684
	121.589275	24.1063387
	121.5891187	24.1063032
	121.5881379	24.1065147
	121.5878063	24.1064798
	121.5871546	24.1061324
	121.5876839	24.1055751
	121.5885062	24.1048846
	121.5892794	24.104271
	121.59034	24.103544
	121.5916054	24.1026123
	121.5929834	24.1016721
	121.5939866	24.1007789
	121.5940053	24.0991603
	121.5940772	24.0983677
	121.5944905	24.0975791
	121.5948621	24.0968071
	121.5952957	24.096117
	121.5957988	24.0955688
	121.5966305	24.0945046
	121.5968224	24.0941878
	121.5977747	24.0934731
	121.5979359	24.0932422
	121.598046	24.092788
	121.5981448	24.092571
	121.5987518	24.0915686
	121.5989617	24.091087
	121.5989519	24.0904392
	121.5990262	24.089159
	121.5989181	24.0887802
	121.5987286	24.0884311
	121.5982822	24.0879294
	121.5977913	24.0872474
	121.5975021	24.0870296
	121.5966373	24.0864844
	121.5963425	24.0862689
	121.5961917	24.0860957
	121.5961637	24.0857494
	121.5961794	24.085423
	121.5961037	24.084999
	121.5959782	24.0847195
	121.5957842	24.0845059
	121.595527	24.0843473
	121.595281	24.0842368
	121.5951593	24.0841516
	121.5949591	24.0839289
	121.5946897	24.0835463
	121.5944666	24.083124
	121.5943311	24.0827914
	121.5941822	24.082537
	121.5940006	24.0822736
	121.5936397	24.0818996
	121.5935437	24.0817697
	121.5933992	24.0812895
	121.5932604	24.0805158
	121.59321	24.0801209
	121.5932379	24.0798861
	121.5931619	24.0794755
	121.5929723	24.0790067
	121.5927741	24.0787559
	121.592513	24.0785029
	121.5921772	24.0778459
	121.5919879	24.0775365
	121.5913526	24.0769092
	121.5907609	24.0762343
	121.5905963	24.0760212
	121.5905313	24.0758808
	121.5903992	24.0757478
	121.5902683	24.0756681
	121.5902119	24.0755886
	121.589935	24.0750524
	121.5897284	24.0747694
	121.5894446	24.0743388
	121.5894049	24.0742182
	121.5892967	24.0740735
	121.589144	24.0737169
	121.5889443	24.0734603
	121.5888502	24.0731942
	121.5888502	24.0731008
	121.5887995	24.0729011
	121.5884423	24.0719476
	121.5881194	24.0717028
	121.587898	24.0713604
	121.5878274	24.0712032
	121.5877056	24.0710611
	121.5873353	24.0708513
	121.5872488	24.0707693
	121.587151	24.0707246
	121.5867514	24.070374
	121.5864315	24.0702421
	121.5858886	24.0701945
	121.5857886	24.070169
	121.5856392	24.0700848
	121.5855904	24.0698854
	121.5855255	24.0698136
	121.5854145	24.0697501
	121.5851291	24.0695473
	121.5848656	24.0691781
	121.5847202	24.0691234
	121.5844628	24.069069
	121.583144	24.0676678
	121.5824319	24.0670823
	121.5822884	24.0669844
	121.5821766	24.0668588
	121.5820105	24.0666301
	121.5818245	24.0662575
	121.5816939	24.0661107
	121.5814185	24.0658956
	121.5810801	24.0654048
	121.580613	24.064919
	121.5803207	24.0645115
	121.5802648	24.0643131
	121.5802842	24.0628796
	121.5801202	24.0624965
	121.5794922	24.0627066
	121.5791129	24.0627701
	121.5786905	24.0627863
	121.5785117	24.0629405
	121.5782376	24.0632869
	121.5780399	24.063368
	121.5778164	24.0635029
	121.5776299	24.063671
	121.577426	24.0638168
	121.5773689	24.0638906
	121.5770855	24.0638849
	121.5766993	24.0638282
	121.5766151	24.0637929
	121.5764154	24.0637769
	121.5762779	24.0638135
	121.5758394	24.0640905
	121.5756108	24.0641456
	121.5751457	24.0641403
	121.5749157	24.0641232
	121.5742777	24.0641325
	121.5732647	24.0643891
	121.5729213	24.064351
	121.5726249	24.0642967
	121.5723593	24.064142
	121.5722094	24.0640366
	121.5718522	24.0637127
	121.5715431	24.063382
	121.5712265	24.0632162
	121.5711524	24.063138
	121.5706968	24.0628186
	121.5705487	24.0625821
	121.5704942	24.0624401
	121.5702265	24.0615427
	121.5700321	24.0613493
	121.5699466	24.0611916
	121.5699029	24.0610502
	121.5698858	24.0607905
	121.5698192	24.0605849
	121.5696763	24.060221
	121.5694964	24.0598728
	121.5694433	24.0596021
	121.5691883	24.0592554
	121.5690099	24.0586579
	121.5685731	24.0575151
	121.5682447	24.05697
	121.5680139	24.0559122
	121.5674659	24.0542077
	121.5675224	24.0537902
	121.5675272	24.0535529
	121.5674621	24.0531227
	121.5674727	24.0529526
	121.567552	24.0523323
	121.5676591	24.0519097
	121.567665	24.051821
	121.5675691	24.0514791
	121.5674095	24.0510929
	121.567084	24.0505004
	121.5668987	24.0496681
	121.5668242	24.0494991
	121.5667785	24.0492239
	121.5667942	24.0488898
	121.5668585	24.0486976
	121.5671324	24.0483693
	121.567176	24.048157
	121.5671147	24.0478003
	121.5670394	24.0475548
	121.5669689	24.0473901
	121.5668329	24.0472102
	121.5666989	24.0471373
	121.5666089	24.0471339
	121.5664347	24.0470655
	121.5661214	24.0468935
	121.5659864	24.0468454
	121.5655242	24.0469013
	121.5654677	24.0468992
	121.5653547	24.0468612
	121.5649761	24.0465602
	121.564594	24.0463491
	121.5643628	24.0462568
	121.5638423	24.0459797
	121.563376	24.0458031
	121.5630474	24.0455583
	121.5628369	24.0454665
	121.5622359	24.0453265
	121.5618533	24.0451721
	121.561775	24.0449812
	121.5616822	24.0448342
	121.5614937	24.0446725
	121.5612144	24.0443686
	121.561013	24.0440506
	121.5608434	24.0436883
	121.560488	24.0433763
	121.5601863	24.0431399
	121.5596107	24.0431804
	121.5591773	24.043349
	121.558817	24.043349
	121.5587003	24.0433823
	121.5586382	24.0433877
	121.5582885	24.0432852
	121.5581443	24.0432737
	121.5579932	24.0434323
	121.5579332	24.0434526
	121.5578124	24.0434383
	121.5574354	24.0432863
	121.5564906	24.0429683
	121.5561723	24.0429218
	121.5558522	24.0428615
	121.5555253	24.0428489
	121.5553697	24.042803
	121.5552394	24.0427316
	121.5550686	24.0425858
	121.5549637	24.0425449
	121.5541896	24.0423671
	121.5536677	24.0423216
	121.5534296	24.0424662
	121.55332	24.0425757
	121.5531266	24.0426644
	121.5529136	24.0427202
	121.5527204	24.0428058
	121.5521899	24.0431847
	121.5520707	24.0432316
	121.5517905	24.0432954
	121.5514837	24.0433724
	121.5509763	24.043697
	121.5508431	24.0437358
	121.5506641	24.0437419
	121.5503406	24.0437043
	121.5499533	24.0436838
	121.5495262	24.0436998
	121.5493545	24.043669
	121.5492358	24.0436759
	121.5490914	24.0437218
	121.5488747	24.0437021
	121.548628	24.0437032
	121.5471203	24.0440404
	121.5469243	24.0441878
	121.5468621	24.0442829
	121.546701	24.0444392
	121.5460286	24.0455567
	121.5458586	24.045701
	121.5456411	24.0459345
	121.5453621	24.0462047
	121.5449757	24.0466575
	121.5447151	24.0466976
	121.5445829	24.0467295
	121.5441321	24.0468275
	121.543805	24.0467899
	121.5437241	24.0467603
	121.5435385	24.0467432
	121.5433836	24.0466885
	121.5431998	24.0466751
	121.5429102	24.0469154
	121.5427392	24.0469499
	121.5423071	24.0471568
	121.5419911	24.0471918
	121.5418417	24.0472533
	121.5416335	24.0472675
	121.5414632	24.047192
	121.5409302	24.0470488
	121.5406617	24.0469166
	121.5405349	24.0468925
	121.5401693	24.0468958
	121.5399526	24.0468626
	121.539636	24.0466629
	121.5393894	24.0466299
	121.5392296	24.0465474
	121.5388939	24.0464194
	121.5384825	24.0463572
	121.5381636	24.0463565
	121.5378324	24.0462223
	121.5374465	24.0459934
	121.5366371	24.0457569
	121.5365644	24.0457489
	121.5360644	24.0459061
	121.5359566	24.0459173
	121.5358343	24.0458822
	121.5357705	24.0458401
	121.5353378	24.0457615
	121.534918	24.0455982
	121.534684	24.0455674
	121.5343443	24.0455957
	121.5336715	24.0457447
	121.5333568	24.0458767
	121.5331451	24.0459938
	121.5330881	24.046056
	121.5326676	24.0466489
	121.5324924	24.0467944
	121.5324056	24.0468891
	121.5323	24.0470507
	121.5322191	24.0472274
	121.5321633	24.0473867
	121.5321041	24.047511
	121.5319662	24.0477991
	121.5318819	24.0478977
	121.5316109	24.0478618
	121.5314123	24.0478699
	121.5308226	24.0480864
	121.5308842	24.04852
	121.5310115	24.0490971
	121.53112	24.049415
	121.5311837	24.0495383
	121.531291	24.0496491
	121.5312176	24.0497536
	121.531178	24.0498652
	121.5308569	24.0503299
	121.5303529	24.0511354
	121.5301996	24.0512872
	121.5294627	24.0517954
	121.5291256	24.0522389
	121.5287661	24.0527639
	121.5284869	24.0529455
	121.5282215	24.0532579
	121.5278239	24.053573
	121.5275044	24.0541182
	121.5272827	24.0543323
	121.5269857	24.0545556
	121.5256745	24.0553728
	121.5251943	24.0557514
	121.5251062	24.0559232
	121.5250025	24.0564179
	121.5248683	24.0566622
	121.5245518	24.0569816
	121.523938	24.0573809
	121.5233527	24.0579247
	121.5229793	24.0586032
	121.522486	24.0597899
	121.5220265	24.0605929
	121.5215193	24.0612379
	121.5214456	24.0613962
	121.5213093	24.061961
	121.5211822	24.06313
	121.5210752	24.0637541
	121.5210455	24.0638999
	121.5208731	24.064283
	121.520687	24.0650082
	121.5204616	24.0655914
	121.5202737	24.0657207
	121.5196403	24.0668447
	121.5169879	24.0675241
	121.5157627	24.0679075
	121.5152722	24.0682545
	121.5149468	24.0686348
	121.5131543	24.0694964
	121.5121836	24.071222
	121.5116104	24.0710636
	121.5110114	24.0709708
	121.5107057	24.0708501
	121.5105826	24.0707795
	121.510348	24.0707294
	121.5101316	24.0706171
	121.5097527	24.0702278
	121.5089374	24.0696391
	121.50848	24.0689958
	121.5081458	24.0685018
	121.5076642	24.0684244
	121.5070872	24.0682096
	121.5066303	24.0678819
	121.5062272	24.0675443
	121.5059903	24.0673984
	121.5058525	24.0673695
	121.5052293	24.0674331
	121.5049351	24.0674222
	121.5047054	24.0675903
	121.5046046	24.0676287
	121.5043805	24.0676813
	121.5040174	24.0676723
	121.5036907	24.0676971
	121.5032309	24.0679176
	121.5029048	24.0679571
	121.5025625	24.068202
	121.5019736	24.0684071
	121.5014936	24.0688082
	121.5012005	24.0689875
	121.5006885	24.0690682
	121.5005502	24.0690505
	121.5003495	24.0689677
	121.5001673	24.0689863
	121.4995398	24.0693857
	121.4993392	24.0695534
	121.4991317	24.0698656
	121.4989365	24.0699949
	121.4987278	24.0700779
	121.4986095	24.070087
	121.4983501	24.0701616
	121.4980331	24.0703535
	121.4978122	24.0704469
	121.4975077	24.0706045
	121.4971857	24.0711463
	121.4970094	24.0713736
	121.4961914	24.0721821
	121.4958389	24.0724315
	121.4956751	24.0724321
	121.4953757	24.0723382
	121.4951491	24.0722215
	121.4950306	24.0721121
	121.4949384	24.0721048
	121.4946215	24.0722481
	121.4944475	24.072242
	121.4943004	24.072265
	121.4937219	24.0726235
	121.4929275	24.0728766
	121.4921632	24.0732019
	121.491512	24.073371
	121.4912584	24.0735222
	121.4910625	24.0736998
	121.4908711	24.0738161
	121.4906913	24.0738815
	121.4905077	24.0738415
	121.4900506	24.0735789
	121.4889565	24.0736478
	121.4877411	24.0734824
	121.4874973	24.0734789
	121.4872216	24.0734357
	121.4869825	24.0734493
	121.4866867	24.0734045
	121.4864336	24.0733376
	121.4860692	24.073104
	121.4858685	24.0730621
	121.4856812	24.0729856
	121.4852063	24.0725627
	121.4847091	24.0722279
	121.4845199	24.0721623
	121.4838137	24.0718606
	121.4835465	24.0718163
	121.4833334	24.0718801
	121.4823525	24.0717884
	121.4820843	24.0715658
	121.481819	24.0714696
	121.4810036	24.0713593
	121.4802598	24.0721494
	121.4803161	24.0725014
	121.4800835	24.072922
	121.4800409	24.073202
	121.4801391	24.0735042
	121.4801426	24.0737006
	121.4802184	24.073917
	121.4804223	24.0742031
	121.4804918	24.0744512
	121.4804697	24.0748503
	121.4804189	24.0750112
	121.4804697	24.0753469
	121.480588	24.0757985
	121.4801407	24.0770572
	121.4801302	24.0774568
	121.4798609	24.0786021
	121.4796946	24.0790157
	121.4794654	24.0792828
	121.4793956	24.0794365
	121.4792023	24.0802701
	121.479	24.0806386
	121.4790326	24.0811532
	121.4788139	24.081506
	121.4783996	24.0820107
	121.4780501	24.0823233
	121.4779661	24.0825516
	121.4779172	24.0831251
	121.4779753	24.0833062
	121.4782783	24.0838735
	121.4783409	24.0840741
	121.4783672	24.0847805
	121.4782974	24.0852796
	121.4783766	24.0855841
	121.4783457	24.0858754
	121.4782532	24.0859943
	121.4780478	24.0861766
	121.4779642	24.0865154
	121.4779177	24.0869083
	121.4778811	24.0888859
	121.4782096	24.0898532
	121.4784319	24.0912904
	121.4783851	24.0916924
	121.4782842	24.0918349
	121.4782258	24.0921084
	121.478246	24.0922097
	121.4776417	24.0928279
	121.4773961	24.0937293
	121.4771586	24.0940799
	121.4771672	24.0944727
	121.4769977	24.0951323
	121.4766472	24.0955049
	121.4766011	24.0956008
	121.4761917	24.0956507
	121.4755455	24.0958028
	121.4752332	24.0959685
	121.4743505	24.0962241
	121.473476	24.0967347
	121.4725957	24.0968864
	121.4721405	24.0969121
	121.4719598	24.0969222
	121.4718346	24.0968775
	121.4716079	24.0966773
	121.4713058	24.0965992
	121.4710067	24.0966904
	121.4709054	24.0969639
	121.4706136	24.0973508
	121.4702199	24.0974648
	121.4695656	24.0978258
	121.4684677	24.0975966
	121.4682027	24.0976584
	121.4681265	24.097925
	121.4676548	24.0986172
	121.466545	24.0995144
	121.4665032	24.0996213
	121.4664596	24.1000316
	121.4664532	24.1006592
	121.4663483	24.1007922
	121.4662563	24.1008584
	121.4658643	24.1010131
	121.4657909	24.1010946
	121.465533	24.1014543
	121.4654736	24.1017148
	121.4654576	24.1018719
	121.4654217	24.1019467
	121.4652913	24.1021362
	121.4651433	24.1022911
	121.4650803	24.1024083
	121.4649698	24.1027878
	121.4649444	24.1031604
	121.4647237	24.1035154
	121.4645534	24.1039403
	121.4646078	24.104263
	121.4645881	24.1044414
	121.4639884	24.105714
	121.4634163	24.1073298
	121.4632806	24.1074656
	121.4628298	24.1076679
	121.4625178	24.1079262
	121.462521	24.1082264
	121.462448	24.1087006
	121.4622775	24.1091388
	121.462244	24.109331
	121.4621156	24.1095323
	121.4617719	24.1103911
	121.4614155	24.1108753
	121.4610857	24.1124925
	121.4608226	24.1131254
	121.4609417	24.1137706
	121.4611325	24.1141447
	121.4615973	24.1146806
	121.4622121	24.1155952
	121.4626711	24.1159617
	121.4628317	24.1161621
	121.4629245	24.1166652
	121.4631492	24.1170799
	121.4631989	24.1173822
	121.4633611	24.1177813
	121.4633827	24.1180724
	121.4628589	24.1180763
	121.4620225	24.1179411
	121.4612897	24.1181284
	121.4607821	24.1184527
	121.4603847	24.1184968
	121.4601155	24.1186218
	121.4597396	24.1190541
	121.4596261	24.119402
	121.4595463	24.119865
	121.4594554	24.1200459
	121.4589189	24.120675
	121.4586397	24.1208316
	121.4582614	24.1211689
	121.4580202	24.1213346
	121.4579636	24.1214318
	121.4578771	24.1218361
	121.4580256	24.1230366
	121.4579966	24.1231789
	121.4578674	24.1233239
	121.457585	24.123538
	121.457203	24.1238585
	121.4568806	24.1239587
	121.456496	24.1242127
	121.4561051	24.1246225
	121.4559309	24.1250925
	121.4554664	24.1256243
	121.4553456	24.1258912
	121.4552198	24.1263948
	121.4548782	24.1271566
	121.4539391	24.1268456
	121.4533235	24.126581
	121.4528184	24.1264923
	121.4522416	24.126126
	121.4516215	24.1260647
	121.4508421	24.1256877
	121.4506883	24.1256656
	121.4503884	24.1257207
	121.4495406	24.1263642
	121.4492746	24.1266291
	121.4486304	24.1264866
	121.4485436	24.1264584
	121.4482776	24.1262664
	121.4482147	24.1260611
	121.4482808	24.125772
	121.447958	24.1256816
	121.4477279	24.1256588
	121.4476482	24.1256156
	121.447518	24.1256027
	121.4470625	24.1253715
	121.4464925	24.1254454
	121.4461678	24.1256224
	121.4459303	24.125569
	121.445711	24.125292
	121.4457009	24.1252107
	121.4457421	24.1250413
	121.4456792	24.1247029
	121.4457425	24.1245176
	121.4457147	24.1243078
	121.4458369	24.1239914
	121.4458028	24.1236439
	121.4457037	24.123371
	121.4457118	24.1232017
	121.4456709	24.1231348
	121.4456134	24.1231049
	121.4453959	24.1230875
	121.4452996	24.12302
	121.4452427	24.1229412
	121.4451881	24.1227384
	121.4449785	24.1224195
	121.4448922	24.1222379
	121.4447666	24.1217589
	121.4446768	24.1215727
	121.4446321	24.1206292
	121.4445214	24.1201871
	121.4444067	24.1200208
	121.4442961	24.1199282
	121.4437774	24.1197401
	121.443506	24.1195829
	121.443163	24.1191617
	121.4430942	24.1189972
	121.4428978	24.1187426
	121.4427951	24.1184721
	121.4425787	24.118274
	121.4421093	24.1175869
	121.4420103	24.117392
	121.4419898	24.1172598
	121.4416822	24.1166378
	121.4407401	24.1155074
	121.4404931	24.1150889
	121.4402952	24.1146396
	121.4400976	24.1144799
	121.4399144	24.1144078
	121.43962	24.1142375
	121.4393348	24.113981
	121.4392402	24.1138497
	121.439083	24.1133986
	121.4387964	24.1128764
	121.4388014	24.1126259
	121.4386048	24.1124097
	121.437847	24.1113013
	121.4376821	24.1111343
	121.4375183	24.1110178
	121.4374816	24.1109111
	121.4374558	24.1107065
	121.4373472	24.1104965
	121.4370738	24.1101844
	121.437002	24.1100464
	121.4366091	24.1097811
	121.4360533	24.1094893
	121.4358413	24.109444
	121.4356169	24.1093619
	121.4354997	24.1092846
	121.4353015	24.1090431
	121.4351985	24.1089793
	121.4349085	24.1090524
	121.43426	24.1093544
	121.4340787	24.109373
	121.4337937	24.1095567
	121.4336537	24.1095909
	121.4324967	24.1082466
	121.4316187	24.1074138
	121.431461	24.1072021
	121.4310996	24.1069751
	121.4305668	24.1062927
	121.4302661	24.1060994
	121.4301991	24.105524
	121.4301419	24.1052639
	121.4300424	24.1050887
	121.4299801	24.1050042
	121.4299203	24.1049785
	121.4295522	24.1049366
	121.4293211	24.1048673
	121.429241	24.1047908
	121.4291992	24.1043462
	121.4292215	24.1036576
	121.4291806	24.1032957
	121.4291068	24.1030033
	121.429012	24.1027308
	121.4288229	24.1023789
	121.4285751	24.1020951
	121.4283694	24.1019783
	121.428304	24.1018408
	121.4283177	24.1011388
	121.4283595	24.1009445
	121.4289421	24.099891
	121.4288915	24.0995367
	121.4287532	24.0992662
	121.4287603	24.0987402
	121.4286421	24.0982011
	121.4286133	24.0981337
	121.4283696	24.0979424
	121.428096	24.0976044
	121.4279899	24.0973925
	121.4279516	24.0970563
	121.4278741	24.0968624
	121.4278001	24.0967054
	121.4276953	24.0965756
	121.4275336	24.096366
	121.4274411	24.096148
	121.4274251	24.0959607
	121.4275955	24.0953417
	121.4281322	24.0945659
	121.4279639	24.0942301
	121.427816	24.0940447
	121.4277181	24.0939673
	121.4275763	24.0938361
	121.4274327	24.0936243
	121.4271036	24.0933747
	121.426534	24.0933808
	121.4261339	24.0932284
	121.4257627	24.0931798
	121.4254697	24.0930333
	121.4250625	24.092877
	121.4248573	24.0927376
	121.4246054	24.0923975
	121.4244423	24.0923567
	121.4243604	24.0922875
	121.4242397	24.0920531
	121.4241409	24.0919992
	121.4236841	24.0920908
	121.4234109	24.0922721
	121.4232784	24.0922905
	121.4228443	24.0922443
	121.4226796	24.0921793
	121.4223236	24.0922367
	121.4219203	24.0922311
	121.421393	24.0923747
	121.4210916	24.0922221
	121.4208727	24.0918299
	121.4208295	24.0915907
	121.4208891	24.0909247
	121.4208072	24.0905818
	121.4204036	24.0897364
	121.420013	24.0894643
	121.4198258	24.0892797
	121.4194871	24.0885042
	121.4194783	24.087599
	121.4194411	24.0875043
	121.4191515	24.0871055
	121.4190985	24.0867693
	121.4188063	24.0865128
	121.4185855	24.0861884
	121.4184378	24.0855928
	121.4186307	24.0851679
	121.4186679	24.0845042
	121.4187492	24.0843843
	121.4187908	24.0841991
	121.418666	24.0832513
	121.4184492	24.0826492
	121.4184908	24.0824076
	121.4183522	24.082417
	121.4179646	24.0823142
	121.4174056	24.0822675
	121.4169239	24.0821794
	121.4167426	24.0821262
	121.4164305	24.0819708
	121.4159572	24.0816673
	121.4156347	24.0817427
	121.4143913	24.0813894
	121.4142153	24.0814147
	121.4134389	24.0804371
	121.4129745	24.0800569
	121.4126332	24.0798665
	121.4123373	24.0797403
	121.4119092	24.0792674
	121.4118021	24.0779833
	121.4117082	24.07765
	121.4115083	24.0772053
	121.4114949	24.0769412
	121.4114017	24.0766435
	121.4107217	24.0750246
	121.4103201	24.0744794
	121.4100029	24.0736992
	121.4097692	24.0732732
	121.4099197	24.0727536
	121.41022	24.0721772
	121.4104129	24.0716823
	121.4104939	24.0713435
	121.4105025	24.0710523
	121.4104072	24.070364
	121.4104576	24.0700893
	121.4104833	24.0695693
	121.4104489	24.0693639
	121.4103055	24.069028
	121.4102757	24.0687278
	121.4102868	24.0686245
	121.4103993	24.068276
	121.410693	24.0677493
	121.4105302	24.0675985
	121.410305	24.067301
	121.4101875	24.0670938
	121.4098594	24.0667425
	121.4094544	24.0665382
	121.409123	24.066232
	121.4087471	24.0660118
	121.408455	24.065753
	121.4081911	24.0656016
	121.4078858	24.0654809
	121.407764	24.0653937
	121.407658	24.0653009
	121.4074712	24.0650468
	121.4070743	24.0647702
	121.4068463	24.0646964
	121.4065844	24.0644803
	121.4062427	24.0642916
	121.4059188	24.0639765
	121.4058236	24.0638232
	121.4057194	24.0635879
	121.4056509	24.0635212
	121.405348	24.0627793
	121.4050814	24.0623218
	121.4049414	24.0621619
	121.4045462	24.0618559
	121.4040749	24.0616992
	121.40338	24.0615543
	121.4032887	24.0611595
	121.4030569	24.0608238
	121.4023287	24.0601485
	121.4020207	24.0600184
	121.4017882	24.0602582
	121.4016347	24.0605002
	121.401126	24.0605805
	121.4002635	24.0610726
	121.3999836	24.0613059
	121.3995949	24.0617809
	121.3991671	24.0620687
	121.3988909	24.0624013
	121.3985266	24.0626505
	121.398443	24.0626462
	121.3981952	24.0625995
	121.3978771	24.0621827
	121.3971872	24.0614712
	121.3969265	24.0613522
	121.396722	24.0613888
	121.3964652	24.0613082
	121.3962712	24.0610875
	121.3960151	24.0609158
	121.3955578	24.0605318
	121.3946377	24.0604958
	121.3942693	24.0604313
	121.393683	24.0601123
	121.3931726	24.0599149
	121.3930505	24.0597979
	121.3929287	24.0594528
	121.3922954	24.05903
	121.392012	24.059015
	121.3916022	24.0588467
	121.391356	24.0585313
	121.3908595	24.0580495
	121.3896221	24.0575335
	121.3887787	24.0574611
	121.3883872	24.0574802
	121.3878079	24.0573575
	121.3856017	24.0579748
	121.3847288	24.0580154
	121.3842189	24.058186
	121.3837335	24.0582143
	121.3829514	24.0585232
	121.3812931	24.0588027
	121.3805246	24.0584874
	121.380243	24.0584036
	121.3798121	24.0584837
	121.3798595	24.0587093
	121.3802669	24.059022
	121.3803622	24.0591437
	121.3805346	24.0595586
	121.3806253	24.0598744
	121.3806748	24.0604251
	121.3805679	24.0606285
	121.3804534	24.0606581
	121.38029	24.0606379
	121.3801187	24.0605619
	121.3798957	24.0605805
	121.3797634	24.0605289
	121.379424	24.0601618
	121.3791391	24.0599323
	121.3790967	24.0595283
	121.3789347	24.0594875
	121.3785416	24.0594575
	121.3783763	24.0593743
	121.3780052	24.059075
	121.3778677	24.0588948
	121.3778002	24.0585694
	121.3777332	24.0584324
	121.3775154	24.0581372
	121.3768999	24.0578069
	121.3767047	24.057778
	121.3763681	24.0578353
	121.3759415	24.0580327
	121.3758305	24.0581165
	121.3756843	24.0583313
	121.3756188	24.0585301
	121.3756953	24.0590536
	121.3756268	24.0594917
	121.3754786	24.0596546
	121.3753363	24.0599552
	121.3751855	24.0601181
	121.3750686	24.0601545
	121.3739341	24.0600602
	121.3734994	24.0601019
	121.3731848	24.0604435
	121.3729845	24.0608884
	121.3729703	24.0609632
	121.3731563	24.0617348
	121.3734149	24.0616935
	121.3736247	24.0617811
	121.3739002	24.0617578
	121.3742638	24.0615335
	121.3745745	24.0614605
	121.3746633	24.0614762
	121.3748479	24.0616288
	121.3751303	24.0617586
	121.3753239	24.061874
	121.3755164	24.062097
	121.3756325	24.0625346
	121.3760205	24.0630009
	121.3761475	24.0632309
	121.3761178	24.0634883
	121.3759239	24.0638025
	121.3757894	24.0638299
	121.3748556	24.0636336
	121.3737581	24.0637943
	121.3732295	24.0646285
	121.3728204	24.0655173
	121.3727641	24.0655665
	121.3725726	24.0656617
	121.372075	24.0655907
	121.3714724	24.0658337
	121.3704856	24.0661431
	121.3700705	24.0665075
	121.3697476	24.066874
	121.3695765	24.0674907
	121.3691693	24.0678009
	121.3684809	24.0678094
	121.367443	24.0674484
	121.3671075	24.0674334
	121.3668415	24.0676463
	121.366689	24.0678272
	121.3666039	24.0680436
	121.3665489	24.0684032
	121.3667497	24.0687179
	121.3671612	24.0693091
	121.3672122	24.0697063
	121.367171	24.0702346
	121.3663173	24.0710877
	121.3662361	24.0711827
	121.3662429	24.0712888
	121.3663059	24.0714015
	121.366463	24.0715275
	121.3670499	24.0717112
	121.3674774	24.0719517
	121.3680796	24.0721196
	121.3682483	24.072214
	121.3676551	24.0724186
	121.3658008	24.0732018
	121.365158	24.0733433
	121.3643148	24.073711
	121.3636766	24.0737591
	121.3627624	24.0738704
	121.3617525	24.0740715
	121.3604922	24.0747381
	121.3596257	24.0749095
	121.3588476	24.0748074
	121.3581457	24.0752512
	121.3577151	24.075467
	121.3563328	24.0759578
	121.3557149	24.0761237
	121.3549659	24.0763538
	121.3546697	24.076666
	121.3542623	24.0772741
	121.353933	24.077548
	121.3535601	24.0779642
	121.3528024	24.0784874
	121.3521343	24.0788456
	121.3517682	24.0789052
	121.3513253	24.0787956
	121.3503115	24.0791033
	121.3502081	24.0791164
	121.3500381	24.0790509
	121.3497541	24.0790023
	121.3490007	24.0792795
	121.3487146	24.0793152
	121.3485897	24.0793526
	121.3478878	24.0797109
	121.347594	24.0798232
	121.3474954	24.0798472
	121.3472271	24.0798368
	121.3467852	24.079748
	121.3465688	24.079741
	121.3459153	24.0799546
	121.3452592	24.0800825
	121.3445006	24.0801632
	121.3441402	24.0800986
	121.3435929	24.0801201
	121.3434264	24.0800325
	121.3429264	24.0800584
	121.3426058	24.0799124
	121.3423746	24.0798701
	121.3411092	24.0797442
	121.3408479	24.0798035
	121.3403752	24.0804118
	121.3402231	24.0805227
	121.3400263	24.0804838
	121.3396186	24.0803107
	121.3394123	24.0802694
	121.3386437	24.0803975
	121.3377462	24.0804405
	121.336765	24.0804333
	121.3362562	24.0805271
	121.3357753	24.0806567
	121.3355093	24.0808288
	121.3353031	24.0813056
	121.3352944	24.0816058
	121.3350637	24.0819066
	121.3350102	24.0821012
	121.3348608	24.0823698
	121.3348137	24.082573
	121.3348246	24.0829884
	121.3347575	24.0832729
	121.3347537	24.083835
	121.334714	24.0839277
	121.3342014	24.0839423
	121.3339503	24.0840693
	121.3337678	24.0842209
	121.3335304	24.0842779
	121.3331568	24.0845767
	121.3328279	24.0850311
	121.3325348	24.0853252
	121.3322724	24.0854883
	121.3319721	24.085586
	121.3317088	24.0856227
	121.3312072	24.0855087
	121.3308718	24.0856064
	121.3306486	24.0858078
	121.3300792	24.0858452
	121.3296272	24.0859997
	121.3290789	24.0860347
	121.3283429	24.0859415
	121.3274513	24.0860675
	121.3271532	24.0859598
	121.3269304	24.0857255
	121.3259841	24.0858811
	121.3247925	24.0859874
	121.324293	24.085984
	121.3236215	24.0858658
	121.3232304	24.085932
	121.3230653	24.0850723
	121.322955	24.0848553
	121.3227626	24.0846057
	121.3219705	24.0836932
	121.3215706	24.0834412
	121.3214317	24.0830848
	121.3211267	24.0826543
	121.3208661	24.0824019
	121.320738	24.0822217
	121.3205167	24.0820642
	121.3199664	24.081862
	121.319866	24.0817731
	121.3196519	24.0817344
	121.3195771	24.0816869
	121.3195108	24.0815522
	121.3194632	24.081353
	121.3190071	24.0809883
	121.3187474	24.0806051
	121.3184522	24.0799059
	121.3179235	24.0794127
	121.3176825	24.0792371
	121.3170753	24.0791774
	121.3168614	24.0791147
	121.3165954	24.0789978
	121.3164103	24.0788619
	121.3162416	24.078687
	121.3158773	24.0782149
	121.3156192	24.0778125
	121.3152746	24.0777658
	121.3147862	24.0777548
	121.3143112	24.0777971
	121.3141599	24.077759
	121.3140958	24.0776249
	121.3140339	24.0774094
	121.3138749	24.0773265
	121.3137575	24.0772204
	121.3135063	24.0767987
	121.3132625	24.0765126
	121.313114	24.0764062
	121.3130277	24.0763889
	121.3129022	24.0764403
	121.312786	24.0765747
	121.3127067	24.0765904
	121.3126155	24.0765906
	121.3124567	24.0765052
	121.3121671	24.0760814
	121.3118953	24.0758048
	121.3116857	24.0754973
	121.3114484	24.0752725
	121.3113073	24.0752321
	121.3111023	24.0752438
	121.3107873	24.0751406
	121.3103167	24.0752398
	121.3102202	24.0752343
	121.3099979	24.0751693
	121.3098224	24.0750872
	121.3097043	24.0749984
	121.3093069	24.0745906
	121.309163	24.0742049
	121.3088107	24.0737428
	121.3084055	24.0733947
	121.3079636	24.0730757
	121.307688	24.0728331
	121.307041	24.0719755
	121.306918	24.0717499
	121.3063821	24.0710095
	121.3061252	24.0707414
	121.3060888	24.0705426
	121.3061252	24.070226
	121.306092	24.0699762
	121.3059415	24.0696176
	121.3056895	24.069205
	121.3054386	24.0689121
	121.3049541	24.0686851
	121.3045306	24.0683534
	121.3041935	24.0680319
	121.3037242	24.0678227
	121.3036131	24.0677119
	121.303444	24.0673898
	121.3032208	24.0670948
	121.302904	24.0669297
	121.3023231	24.0665593
	121.3021874	24.0663564
	121.3019541	24.0657315
	121.3018728	24.0656054
	121.3016671	24.0653693
	121.3014302	24.0651916
	121.3010804	24.0648643
	121.3009898	24.0646319
	121.3008905	24.0639233
	121.3007863	24.0635172
	121.3005096	24.0629579
	121.3001977	24.0625657
	121.2997678	24.0621783
	121.2993845	24.0618953
	121.2989637	24.0616494
	121.2988167	24.0616271
	121.2985888	24.0616705
	121.2978892	24.0619901
	121.2973721	24.0622868
	121.2972456	24.062417
	121.2970789	24.0625222
	121.2967289	24.0626809
	121.2964187	24.0629181
	121.2960656	24.0632894
	121.2957758	24.063527
	121.2956669	24.0635719
	121.2952254	24.0636364
	121.2948857	24.0632036
	121.2945893	24.0629204
	121.2942869	24.0625705
	121.2939704	24.0623182
	121.2936667	24.0619568
	121.2934936	24.0617074
	121.2932874	24.061552
	121.293127	24.061467
	121.2930152	24.0614487
	121.2922753	24.0613418
	121.2921246	24.0611937
	121.2919499	24.0610602
	121.2913318	24.061172
	121.290972	24.0612802
	121.2908882	24.0613399
	121.2906536	24.0615819
	121.2904184	24.0617131
	121.2902158	24.0618717
	121.2898795	24.0622154
	121.2898216	24.0624739
	121.289792	24.0629887
	121.2897168	24.063392
	121.2897012	24.0637124
	121.2896003	24.0639315
	121.2890132	24.0645557
	121.2887171	24.0647346
	121.2884035	24.0648368
	121.2879101	24.0648693
	121.2873061	24.0648298
	121.2869707	24.0648936
	121.2865373	24.0644226
	121.2863637	24.0643169
	121.2859744	24.0643244
	121.2856187	24.0641688
	121.285299	24.064066
	121.2846722	24.0641169
	121.2844616	24.0640834
	121.2843885	24.0640594
	121.2836401	24.0634867
	121.2831557	24.0632664
	121.2828845	24.0627974
	121.2825166	24.0624798
	121.2823573	24.0622814
	121.2821918	24.0617896
	121.2816537	24.0613662
	121.2815019	24.0613326
	121.2808276	24.0614309
	121.2804618	24.0614068
	121.2798826	24.0612498
	121.27949	24.0610609
	121.2791469	24.0612051
	121.2788188	24.0612848
	121.2783118	24.0614649
	121.2780931	24.0614969
	121.2778585	24.0614499
	121.2777249	24.061466
	121.2769186	24.0619324
	121.2763562	24.0623076
	121.2759533	24.0626114
	121.2751467	24.063032
	121.2750782	24.063087
	121.2749439	24.0633288
	121.274928	24.0636835
	121.2748433	24.0641777
	121.2745612	24.0645469
	121.2743219	24.0649146
	121.2742127	24.0652781
	121.2741662	24.0655424
	121.2740606	24.065757
	121.2736143	24.0661596
	121.2735475	24.066301
	121.2735566	24.0665424
	121.2734681	24.0667762
	121.2732407	24.0670587
	121.2728365	24.0674319
	121.2725323	24.0679178
	121.272397	24.0680072
	121.2722162	24.0680944
	121.2719158	24.0681672
	121.2717844	24.0682623
	121.2715764	24.068529
	121.2709637	24.0694669
	121.2708094	24.069784
	121.2705818	24.0703795
	121.2698445	24.0716811
	121.2693061	24.0727452
	121.2691461	24.0729035
	121.268505	24.0733493
	121.2684744	24.0734038
	121.2679817	24.0738175
	121.2676752	24.0742266
	121.26739	24.0743852
	121.2672901	24.0746652
	121.267259	24.0752093
	121.2670959	24.0755708
	121.2670142	24.0757
	121.2661758	24.0766333
	121.2661273	24.0766583
	121.265781	24.0765641
	121.2653538	24.0764971
	121.2651372	24.0765269
	121.2648696	24.0766334
	121.2646739	24.076654
	121.264522	24.0767091
	121.2643823	24.0768306
	121.2641233	24.0768595
	121.2638296	24.0768504
	121.2631617	24.0768756
	121.2627885	24.0769893
	121.2624878	24.0770417
	121.2621004	24.0771325
	121.2615658	24.0773817
	121.2614023	24.0773752
	121.261014	24.0771569
	121.2608704	24.0771233
	121.2608082	24.0771844
	121.2607249	24.0775231
	121.2604442	24.0780811
	121.2604627	24.0782468
	121.2605424	24.0784085
	121.2606112	24.078591
	121.2606586	24.0793697
	121.2607636	24.0799181
	121.2607406	24.0802309
	121.2606905	24.0803813
	121.2606439	24.0807693
	121.2607133	24.0811444
	121.2608118	24.0814304
	121.2609661	24.0816775
	121.2612128	24.0819873
	121.2614558	24.0829982
	121.260694	24.0832027
	121.2606199	24.083222
	121.2604901	24.0834022
	121.2603788	24.0838511
	121.2601757	24.0842972
	121.2598871	24.0849625
	121.259546	24.0854665
	121.2589939	24.0860047
	121.2583619	24.0870306
	121.258156	24.0872025
	121.2577633	24.0871925
	121.2575886	24.0872305
	121.2567122	24.0876
	121.2547798	24.0881924
	121.2533955	24.0884023
	121.2531139	24.0885297
	121.2527291	24.0886517
	121.2522756	24.0887097
	121.2521108	24.0887476
	121.2516293	24.0889741
	121.2513029	24.0890445
	121.2508897	24.0890859
	121.2507037	24.0891607
	121.2506094	24.0892263
	121.2503869	24.0894231
	121.2502053	24.0894527
	121.2500113	24.0894282
	121.249441	24.0896459
	121.249322	24.0897613
	121.2492841	24.0898765
	121.2492461	24.0902783
	121.2491331	24.0904793
	121.2485997	24.0910784
	121.2485361	24.0911965
	121.2490424	24.0911492
	121.2495805	24.0911768
	121.249714	24.09131
	121.2498858	24.0914399
	121.2501628	24.0915337
	121.2504532	24.0915673
	121.2508263	24.0914483
	121.2509981	24.0912763
	121.2511221	24.0911327
	121.2511335	24.0906612
	121.2512018	24.0903673
	121.2512846	24.090261
	121.2514299	24.0901884
	121.2516005	24.0902306
	121.2519521	24.0904865
	121.2521662	24.0905913
	121.2524023	24.0906771
	121.25282	24.090753
	121.2532633	24.0907461
	121.2539058	24.0906111
	121.2547464	24.0905632
	121.2557442	24.0900894
	121.2563107	24.0895754
	121.2568509	24.0894977
	121.2572336	24.0891492
	121.2574727	24.0890261
	121.2576527	24.0892289
	121.2578486	24.0897004
	121.2582054	24.0898005
	121.2586869	24.0897255
	121.2590468	24.0897688
	121.2594865	24.0896458
	121.259687	24.0896572
	121.2598273	24.0898119
	121.2600139	24.0900164
	121.260179	24.0900307
	121.2603286	24.0899823
	121.2604471	24.0898593
	121.2605086	24.0896361
	121.2609642	24.0893377
	121.2611806	24.0893286
	121.2613537	24.0894083
	121.2618162	24.0894971
	121.2626225	24.0894464
	121.2629233	24.0893217
	121.2637639	24.0887067
	121.2645933	24.0883829
	121.2650054	24.0881554
	121.2654667	24.0879914
	121.265625	24.0879959
	121.2658209	24.0880506
	121.2661489	24.0882602
	121.266633	24.0883581
	121.267313	24.088365
	121.2680078	24.0884424
	121.2684292	24.0883877
	121.2687948	24.0882397
	121.2691856	24.0881609
	121.2694486	24.0882511
	121.2695618	24.0883679
	121.2697174	24.088652
	121.2697854	24.0888891
	121.2699338	24.0891805
	121.2699592	24.0893533
	121.2700022	24.0894516
	121.2700956	24.0895017
	121.2705274	24.0895587
	121.2707175	24.0896885
	121.2707566	24.0900068
	121.2706901	24.0902853
	121.2705608	24.090497
	121.2702482	24.0906179
	121.2700238	24.0906566
	121.2690383	24.0906361
	121.2687903	24.0905815
	121.2685716	24.0903172
	121.2683618	24.090205
	121.2679975	24.0903149
	121.2676705	24.0905157
	121.2670209	24.0907291
	121.266251	24.09104
	121.2659473	24.0912284
	121.2651612	24.0912612
	121.2643273	24.0914096
	121.2640771	24.0914676
	121.2638606	24.091605
	121.2636579	24.0921533
	121.263257	24.0926385
	121.2627786	24.0926613
	121.2625736	24.0927934
	121.2624438	24.0929551
	121.2622711	24.0933193
	121.2618219	24.0933537
	121.2616693	24.0935679
	121.2616624	24.093839
	121.2617399	24.0940918
	121.2619514	24.0942188
	121.2622229	24.0944233
	121.2629335	24.0945178
	121.2635691	24.0945292
	121.2640247	24.0946522
	121.2646655	24.0945103
	121.2650999	24.0948755
	121.2656132	24.0951355
	121.2662275	24.0951898
	121.2668424	24.0950923
	121.2671365	24.0949552
	121.2678905	24.0949302
	121.2682162	24.0948459
	121.2689098	24.094745
	121.26946	24.0946408
	121.2697493	24.0949142
	121.2699133	24.0951762
	121.2702664	24.0953835
	121.2706202	24.0954383
	121.2712733	24.0953675
	121.271671	24.095403
	121.2721002	24.095486
	121.2726173	24.09547
	121.2727449	24.0952627
	121.2729736	24.0950494
	121.2730684	24.094855
	121.2733668	24.0946226
	121.2736834	24.0945269
	121.2738725	24.0947844
	121.2740117	24.0951795
	121.2744579	24.0952605
	121.2750252	24.0954199
	121.2754466	24.0958049
	121.2756294	24.0958543
	121.2757382	24.0958117
	121.275828	24.0957288
	121.2759113	24.0951762
	121.2762302	24.0949393
	121.2769432	24.0945839
	121.2770184	24.0942581
	121.2771494	24.0939929
	121.2774285	24.0939552
	121.2780707	24.093416
	121.2785971	24.0933766
	121.2788499	24.0932103
	121.2793784	24.0933469
	121.2794878	24.0936363
	121.2799545	24.0936685
	121.2802008	24.0948573
	121.2801712	24.0954564
	121.2803671	24.0955247
	121.2804199	24.0956999
	121.2804924	24.095953
	121.2806222	24.0961671
	121.2812236	24.0961626
	121.28144	24.0964883
	121.281743	24.0966045
	121.2821187	24.0966428
	121.2825449	24.0965772
	121.2827886	24.0964109
	121.2831842	24.0963571
	121.2835244	24.0962491
	121.2836861	24.0959598
	121.2836223	24.0956796
	121.2834401	24.095404
	121.2833968	24.0952126
	121.2834333	24.0950213
	121.283611	24.094978
	121.2838091	24.0949575
	121.2843691	24.0948407
	121.2847226	24.0949689
	121.285156	24.0950239
	121.2857181	24.0949803
	121.2859322	24.0950623
	121.2860979	24.0949784
	121.286381	24.0949734
	121.2865929	24.0949734
	121.2867455	24.0948846
	121.2871517	24.0949494
	121.2878455	24.0948753
	121.2881009	24.0947844
	121.2886951	24.0957589
	121.2886613	24.0960304
	121.2883378	24.0966182
	121.2883255	24.0969749
	121.2885656	24.0970054
	121.2891055	24.0972355
	121.2894586	24.0972355
	121.2895679	24.0973585
	121.2897222	24.0976454
	121.290388	24.0977936
	121.2906409	24.0976316
	121.2908322	24.0972355
	121.2911876	24.0969963
	121.2911853	24.0967242
	121.2911899	24.0961785
	121.2908054	24.0953314
	121.2908003	24.0945475
	121.2907653	24.094134
	121.2909233	24.0938914
	121.2912081	24.0937296
	121.2914483	24.0937151
	121.2917958	24.0938754
	121.2920327	24.093839
	121.2922833	24.0937319
	121.2926045	24.0936841
	121.292953	24.0940577
	121.2930305	24.0942035
	121.2931945	24.0941693
	121.2933101	24.0940589
	121.2934906	24.0939643
	121.293764	24.0941237
	121.2939121	24.0939848
	121.2939508	24.0937957
	121.2938984	24.0936476
	121.2941627	24.0934791
	121.2943722	24.0933879
	121.2945317	24.0933925
	121.2946685	24.0934715
	121.2947891	24.0935041
	121.2948369	24.0935975
	121.2949978	24.0936272
	121.2950602	24.0934039
	121.2954178	24.0933105
	121.295657	24.0935702
	121.2960261	24.0936613
	121.2963176	24.0936271
	121.2965616	24.0935239
	121.2966244	24.0936587
	121.2964232	24.0938055
	121.2963137	24.0939302
	121.2959789	24.0945629
	121.2957157	24.0948207
	121.2954172	24.0949206
	121.2948741	24.0949646
	121.2947238	24.0950357
	121.2945024	24.0951955
	121.2943406	24.0953787
	121.2942723	24.0956249
	121.2942681	24.0963501
	121.2942361	24.0968597
	121.2940137	24.0978647
	121.2939443	24.0984607
	121.2937452	24.0990345
	121.2937852	24.099455
	121.293808	24.0997557
	121.293863	24.0999823
	121.2937656	24.1001699
	121.2935893	24.1003531
	121.2934749	24.1008793
	121.2933182	24.1012972
	121.2931953	24.1014892
	121.2929685	24.1017719
	121.292515	24.1022513
	121.2922712	24.1026175
	121.2921488	24.1030376
	121.2920255	24.1032793
	121.2918235	24.103528
	121.2916257	24.1036647
	121.2914395	24.1037567
	121.2906848	24.10397
	121.290646	24.1040043
	121.2906214	24.1042481
	121.2905596	24.1043747
	121.2899924	24.1047536
	121.2897294	24.1049744
	121.2891107	24.1058266
	121.2889757	24.1059285
	121.2887327	24.1060012
	121.2883223	24.1065369
	121.2881568	24.1069187
	121.2881931	24.1070631
	121.2880946	24.1072913
	121.2880766	24.1076216
	121.288017	24.107928
	121.287785	24.1084668
	121.2876989	24.1087774
	121.2876392	24.1090477
	121.2876438	24.1092786
	121.2877108	24.1098361
	121.2875831	24.1100643
	121.2873125	24.1102838
	121.2869842	24.1104356
	121.2865162	24.110542
	121.2861107	24.1106992
	121.2855925	24.1108084
	121.2848618	24.1111191
	121.2839497	24.1113939
	121.2832741	24.1114426
	121.2831243	24.1114022
	121.2828105	24.1115743
	121.282404	24.112083
	121.2821742	24.1132821
	121.2820536	24.1137221
	121.2818997	24.1141133
	121.2816785	24.1143372
	121.2812415	24.1149384
	121.281355	24.1154235
	121.2812992	24.1156336
	121.2808289	24.1159279
	121.2805103	24.1162897
	121.2800259	24.1166246
	121.2797114	24.1173318
	121.2794043	24.1177612
	121.2787192	24.1178347
	121.2782581	24.1177249
	121.2776935	24.1180781
	121.2768957	24.1183595
	121.2766721	24.1187368
	121.276231	24.1188821
	121.2754726	24.119502
	121.2751826	24.1198772
	121.2743212	24.1206034
	121.2738159	24.1211257
	121.2735128	24.121273
	121.2731874	24.1213413
	121.2729544	24.1215897
	121.2728997	24.1215269
	121.2728198	24.1214337
	121.2713997	24.1218098
	121.2711639	24.1216514
	121.2707399	24.1223056
	121.2713228	24.122604
	121.2713503	24.1227127
	121.2711247	24.1229522
	121.2711573	24.1229685
	121.2711418	24.1229748
	121.2710577	24.1230004
	121.2709515	24.1229864
	121.270593	24.1231179
	121.270472	24.1231836
	121.2703002	24.1233758
	121.2700411	24.1234214
	121.2697626	24.1237063
	121.2694016	24.1239116
	121.2691228	24.1241476
	121.2689344	24.1243218
	121.2689325	24.1244392
	121.2689425	24.1245338
	121.269031	24.1253713
	121.2690814	24.1255044
	121.269233	24.1256657
	121.2694041	24.1259282
	121.2695724	24.1262778
	121.2697093	24.1268072
	121.2697555	24.1269857
	121.2698936	24.1275187
	121.2695951	24.1284335
	121.2695807	24.1289296
	121.269575	24.129131
	121.2695572	24.1292052
	121.2694684	24.1295782
	121.2694549	24.1301877
	121.269398	24.1304745
	121.2696462	24.1306704
	121.2697807	24.1309027
	121.2698261	24.1312728
	121.2699031	24.1314691
	121.2703123	24.1320575
	121.2706314	24.1324107
	121.2708603	24.1326638
	121.2710705	24.1330607
	121.2712943	24.134058
	121.2712679	24.1345457
	121.271454	24.135313
	121.2714632	24.1354292
	121.2715578	24.1356828
	121.2715568	24.1362088
	121.2718234	24.1374205
	121.2718094	24.1379373
	121.271766	24.1383032
	121.2715431	24.1387528
	121.2715225	24.1389199
	121.2716938	24.1394862
	121.2716427	24.1397685
	121.2716906	24.1403214
	121.2716474	24.1407007
	121.271691	24.1411424
	121.2717525	24.141336
	121.27177	24.1415177
	121.2717046	24.1417187
	121.2715087	24.1420035
	121.2713201	24.1425185
	121.2711832	24.1426293
	121.2710194	24.1426906
	121.2704791	24.1427757
	121.2702399	24.1427552
	121.270028	24.1427984
	121.2695685	24.1430182
	121.2694274	24.143181
	121.2692677	24.1432761
	121.2683431	24.1434492
	121.2679018	24.1437344
	121.2674903	24.1437963
	121.26708	24.1439052
	121.2669388	24.1439122
	121.2667158	24.1438404
	121.2665965	24.1438564
	121.2663991	24.1440192
	121.2661901	24.1443492
	121.2658215	24.144571
	121.2655193	24.1448831
	121.2651556	24.1450711
	121.2648972	24.1454801
	121.2642578	24.1461313
	121.2640892	24.1462287
	121.2639383	24.1464524
	121.2635539	24.1465953
	121.2628849	24.147233
	121.2626028	24.147308
	121.2621913	24.1476112
	121.2620144	24.1476837
	121.2616203	24.1477431
	121.2612509	24.1476871
	121.2609784	24.147681
	121.2608295	24.1477532
	121.2605031	24.1480136
	121.2603511	24.148047
	121.2599531	24.1480755
	121.2595677	24.1481981
	121.2593417	24.148212
	121.2587527	24.1484477
	121.2582478	24.1487533
	121.2577566	24.1488603
	121.2574051	24.1490031
	121.2571893	24.1490463
	121.2568158	24.1489318
	121.2567128	24.148941
	121.2565543	24.149018
	121.2558435	24.1495587
	121.2554639	24.1504443
	121.2552461	24.1506736
	121.2551134	24.1507564
	121.2549955	24.1507943
	121.2544829	24.1508125
	121.2540669	24.1508687
	121.2536886	24.1508513
	121.2531435	24.1510982
	121.2529975	24.1511233
	121.2521771	24.1511405
	121.2514849	24.1509949
	121.2512741	24.1510697
	121.2507561	24.1511067
	121.2505502	24.1512063
	121.2502057	24.1514462
	121.2500011	24.1517129
	121.2496751	24.1520114
	121.249444	24.15207
	121.2492366	24.1521701
	121.2491494	24.1522764
	121.2489449	24.1527441
	121.2484251	24.1530045
	121.2479727	24.1531407
	121.247636	24.1531456
	121.247491	24.1532317
	121.2473801	24.1534482
	121.2472818	24.1538279
	121.2472165	24.1545323
	121.2468284	24.1556639
	121.246845	24.1563004
	121.2467771	24.1563366
	121.2461599	24.1560058
	121.2460172	24.1558683
	121.2456822	24.1559208
	121.24511	24.1561565
	121.2449706	24.1561296
	121.2448381	24.1563149
	121.2444017	24.1564624
	121.2439554	24.1565376
	121.2434286	24.1565452
	121.2427082	24.1562687
	121.2421848	24.1562853
	121.2418655	24.1562316
	121.2413412	24.155954
	121.2410618	24.1558311
	121.2409746	24.1558385
END
END
